pcell_cid,pcell_freq,nrcell_cid,nrcell_freq,scell1_cid,scell1_freq,scell2_cid,scell2_freq,scell3_cid,scell3_freq,nrscell1_cid,nrscell1_freq,nrscell2_cid,nrscell2_freq,nrscell3_cid,nrscell3_freq,instance_number,duration_sample_number
76,675,8,174270,76,1025,76,9840,None,None,None,None,None,None,None,None,16,2274
76,675,811,174270,76,1025,76,9840,None,None,None,None,None,None,None,None,29,2185
258,675,811,174270,258,67086,258,66686,None,None,None,None,None,None,None,None,49,13183
258,67086,None,None,258,675,258,5330,258,66686,None,None,None,None,None,None,67,6496
258,67086,8,174270,258,9820,258,66686,None,None,None,None,None,None,None,None,5,699
258,67086,811,174270,258,9820,258,66686,None,None,None,None,None,None,None,None,83,24589
258,67086,207,174270,258,9820,258,66686,None,None,None,None,None,None,None,None,2,167
388,675,207,174270,388,66686,388,67086,None,None,None,None,None,None,None,None,78,4524
388,67086,None,None,388,675,388,5330,388,66686,None,None,None,None,None,None,63,2295
388,67086,207,174270,388,675,388,66686,None,None,None,None,None,None,None,None,28,9140
258,675,None,None,258,5330,258,66686,258,67086,None,None,None,None,None,None,143,8387
252,675,None,None,252,52941,None,None,None,None,None,None,None,None,None,None,6,2678
41,675,None,None,41,52740,41,52941,41,53139,None,None,None,None,None,None,13,6498
252,675,None,None,252,52740,None,None,None,None,None,None,None,None,None,None,2,620
41,675,811,174270,41,66686,None,None,None,None,None,None,None,None,None,None,1,151
388,67086,811,174270,388,675,388,66686,None,None,None,None,None,None,None,None,7,672
258,675,207,174270,258,67086,258,66686,None,None,None,None,None,None,None,None,7,264
388,67086,811,174270,None,None,388,66686,None,None,None,None,None,None,None,None,6,489
258,67086,811,174270,258,675,258,66686,None,None,None,None,None,None,None,None,16,10541
258,9820,None,None,None,None,None,None,None,None,None,None,None,None,None,None,10,44
258,9820,811,174270,258,67086,258,66686,None,None,None,None,None,None,None,None,5,3131
410,9820,811,174270,410,66686,410,67086,None,None,None,None,None,None,None,None,2,30
258,67086,None,None,None,None,None,None,None,None,None,None,None,None,None,None,15,68
258,67086,207,174270,None,None,None,None,None,None,None,None,None,None,None,None,2,86
258,9820,811,174270,258,66686,258,67086,None,None,None,None,None,None,None,None,6,4547
258,9820,207,174270,None,None,None,None,None,None,None,None,None,None,None,None,3,805
258,9820,811,174270,None,None,None,None,None,None,None,None,None,None,None,None,4,1122
410,9820,None,None,None,None,None,None,None,None,None,None,None,None,None,None,1,15
258,67086,None,None,258,675,258,5330,None,None,None,None,None,None,None,None,1,1389
258,67086,811,174270,None,None,None,None,None,None,None,None,None,None,None,None,1,374
258,675,207,174270,258,66686,258,67086,None,None,None,None,None,None,None,None,1,64
252,675,None,None,None,None,None,None,None,None,None,None,None,None,None,None,9,1304
252,675,207,174270,252,52941,252,53139,252,52740,None,None,None,None,None,None,2,837
252,675,811,174270,252,52941,None,None,252,52740,None,None,None,None,None,None,1,47
258,675,None,None,None,None,None,None,None,None,None,None,None,None,None,None,41,1609
41,675,None,None,None,None,None,None,None,None,None,None,None,None,None,None,21,2538
41,675,811,174270,41,52740,41,52941,41,53139,None,None,None,None,None,None,17,10597
258,675,811,174270,258,9820,None,None,None,None,None,None,None,None,None,None,306,48689
252,675,811,174270,252,52941,252,53139,252,52740,None,None,None,None,None,None,2,236
440,675,None,None,440,5330,440,66686,440,67086,None,None,None,None,None,None,5,44
372,675,None,None,372,67086,372,5330,372,66686,None,None,None,None,None,None,104,731
464,675,None,None,464,5330,464,66686,464,67086,None,None,None,None,None,None,36,380
76,675,None,None,76,5330,76,66686,76,67086,None,None,None,None,None,None,64,3118
258,66686,None,None,None,None,None,None,None,None,None,None,None,None,None,None,7,13174
76,66686,None,None,76,675,76,5330,76,67086,None,None,None,None,None,None,34,2777
258,66686,None,None,258,675,258,5330,258,67086,None,None,None,None,None,None,89,6631
388,66686,None,None,388,675,388,5330,388,67086,None,None,None,None,None,None,53,3926
41,66686,None,None,None,None,None,None,None,None,None,None,None,None,None,None,16,2814
258,5110,None,None,None,None,None,None,None,None,None,None,None,None,None,None,14,6024
258,9820,None,None,258,5330,258,66686,258,67086,None,None,None,None,None,None,4,44
403,9820,93,174270,403,66686,None,None,None,None,None,None,None,None,None,None,1,1369
403,9820,466,174270,403,66686,None,None,None,None,None,None,None,None,None,None,2,730
335,9820,466,174270,335,1025,335,675,None,None,None,None,None,None,None,None,7,1225
45,675,None,None,None,None,None,None,None,None,None,None,None,None,None,None,47,1114
45,675,466,174270,45,52740,45,52941,45,53139,None,None,None,None,None,None,29,3679
45,675,93,174270,45,1025,None,None,None,None,None,None,None,None,None,None,7,377
403,67086,466,174270,403,9820,None,None,None,None,None,None,None,None,None,None,2,395
335,67086,466,174270,335,1025,335,675,335,66686,None,None,None,None,None,None,5,1801
403,9820,None,None,403,5330,403,66686,403,67086,None,None,None,None,None,None,9,569
403,9820,466,174270,403,67086,403,66686,None,None,None,None,None,None,None,None,6,1729
335,67086,None,None,335,675,335,5330,335,66686,None,None,None,None,None,None,31,2123
335,67086,466,174270,335,9820,335,66686,None,None,None,None,None,None,None,None,3,940
335,67086,372,174270,None,None,335,66686,None,None,None,None,None,None,None,None,1,15
273,67086,372,174270,273,1025,273,66686,273,675,None,None,None,None,None,None,13,3555
273,675,None,None,273,5330,273,66686,273,67086,None,None,None,None,None,None,42,556
273,675,372,174270,273,1025,273,9840,None,None,None,None,None,None,None,None,12,2436
273,675,589,174270,273,9840,273,1025,None,None,None,None,None,None,None,None,3,236
273,675,811,174270,273,1025,273,9840,None,None,None,None,None,None,None,None,14,750
43,675,811,174270,43,67086,43,66686,43,1025,None,None,None,None,None,None,9,1761
43,67086,None,None,43,675,43,5330,43,66686,None,None,None,None,None,None,2,7
43,67086,956,174270,43,1025,43,66686,43,675,None,None,None,None,None,None,1,22
43,9820,956,174270,43,1025,43,675,None,None,None,None,None,None,None,None,2,227
43,675,None,None,43,5330,43,66686,43,67086,None,None,None,None,None,None,39,898
43,675,956,174270,43,67086,43,66686,43,1025,None,None,None,None,None,None,3,798
43,675,811,174270,43,1025,43,9820,None,None,None,None,None,None,None,None,5,497
372,675,811,174270,372,67086,372,1025,372,66686,None,None,None,None,None,None,54,3816
464,67086,None,None,464,675,464,5330,464,66686,None,None,None,None,None,None,14,58
464,67086,874,174270,464,9820,464,66686,None,None,None,None,None,None,None,None,2,43
464,67086,None,None,464,675,464,5330,None,None,None,None,None,None,None,None,7,212
464,67086,811,174270,464,675,None,None,None,None,None,None,None,None,None,None,4,613
464,675,811,174270,464,9820,None,None,None,None,None,None,None,None,None,None,2,138
43,9820,None,None,None,None,None,None,None,None,None,None,None,None,None,None,1,274
43,9820,956,174270,43,67086,43,66686,None,None,None,None,None,None,None,None,2,10
43,5110,None,None,None,None,None,None,None,None,None,None,None,None,None,None,2,85
43,675,372,174270,43,1025,43,67086,43,66686,None,None,None,None,None,None,1,10
372,675,372,174270,372,67086,372,66686,372,1025,None,None,None,None,None,None,1,3
464,67086,811,174270,464,9820,464,66686,None,None,None,None,None,None,None,None,5,303
258,67086,589,174270,258,9820,258,66686,None,None,None,None,None,None,None,None,1,8
76,67086,811,174270,76,9840,76,66686,None,None,None,None,None,None,None,None,11,453
76,675,629,174270,76,1025,76,9840,None,None,None,None,None,None,None,None,34,19127
273,675,629,174270,273,1025,273,9840,None,None,None,None,None,None,None,None,13,218
273,67086,None,None,273,675,273,5330,273,66686,None,None,None,None,None,None,34,173
273,67086,372,174270,273,9840,273,66686,None,None,None,None,None,None,None,None,8,7130
273,67086,811,174270,273,1025,273,675,273,66686,None,None,None,None,None,None,1,5
478,5110,None,None,None,None,None,None,None,None,None,None,None,None,None,None,2,25
482,675,None,None,None,None,None,None,None,None,None,None,None,None,None,None,10,197
482,675,811,174270,482,52740,482,52941,482,53139,None,None,None,None,None,None,2,166
403,67086,None,None,None,None,None,None,None,None,None,None,None,None,None,None,6,1124
403,675,466,174270,403,67086,403,66686,None,None,None,None,None,None,None,None,12,919
403,9820,93,174270,403,67086,403,66686,None,None,None,None,None,None,None,None,6,1551
335,675,None,None,335,5330,335,66686,335,67086,None,None,None,None,None,None,33,2843
335,675,466,174270,335,1025,335,9820,None,None,None,None,None,None,None,None,29,12321
335,675,372,174270,335,1025,335,9820,None,None,None,None,None,None,None,None,1,22
273,67086,589,174270,273,1025,273,66686,273,675,None,None,None,None,None,None,10,897
273,67086,629,174270,273,1025,273,66686,273,675,None,None,None,None,None,None,5,274
273,67086,811,174270,273,1025,273,66686,273,675,None,None,None,None,None,None,6,319
43,675,811,174270,43,66686,43,67086,43,1025,None,None,None,None,None,None,4,1023
43,675,874,174270,43,9820,43,1025,None,None,None,None,None,None,None,None,1,10
372,675,874,174270,372,67086,372,1025,372,66686,None,None,None,None,None,None,6,264
464,67086,811,174270,464,66686,464,675,None,None,None,None,None,None,None,None,3,523
258,66686,811,174270,258,9820,258,67086,None,None,None,None,None,None,None,None,79,55474
372,675,811,174270,372,67086,372,66686,372,1025,None,None,None,None,None,None,36,2453
258,67086,589,174270,258,675,258,66686,None,None,None,None,None,None,None,None,1,44
258,67086,811,174270,258,66686,None,None,None,None,None,None,None,None,None,None,1,264
76,67086,811,174270,76,1025,76,66686,76,675,None,None,None,None,None,None,49,10450
76,675,811,174270,76,9840,76,1025,None,None,None,None,None,None,None,None,20,1933
76,675,8,174270,76,9840,76,1025,None,None,None,None,None,None,None,None,7,431
273,675,629,174270,273,9840,273,1025,None,None,None,None,None,None,None,None,4,22
478,67086,None,None,478,675,478,5330,478,66686,None,None,None,None,None,None,18,63
478,67086,589,174270,478,9840,478,66686,None,None,None,None,None,None,None,None,3,85
478,67086,811,174270,478,1025,478,675,None,None,None,None,None,None,None,None,1,17
43,67086,811,174270,43,1025,43,66686,43,675,None,None,None,None,None,None,4,129
43,9820,None,None,43,5330,43,66686,43,67086,None,None,None,None,None,None,5,21
43,9820,372,174270,43,1025,43,675,None,None,None,None,None,None,None,None,1,8
43,9820,811,174270,43,67086,43,66686,None,None,None,None,None,None,None,None,1,4
43,675,None,None,None,None,None,None,None,None,None,None,None,None,None,None,7,22
43,675,811,174270,43,67086,43,1025,43,66686,None,None,None,None,None,None,3,485
464,67086,956,174270,464,9820,464,66686,None,None,None,None,None,None,None,None,1,22
464,67086,811,174270,464,675,464,66686,None,None,None,None,None,None,None,None,1,149
76,67086,None,None,76,675,76,5330,76,66686,None,None,None,None,None,None,54,292
76,67086,629,174270,76,1025,76,675,76,66686,None,None,None,None,None,None,5,283
76,675,None,None,None,None,None,None,None,None,None,None,None,None,None,None,52,3454
273,675,811,174270,273,9840,273,1025,None,None,None,None,None,None,None,None,5,68
273,675,372,174270,273,9840,273,1025,None,None,None,None,None,None,None,None,1,8
43,675,811,174270,43,1025,43,67086,43,66686,None,None,None,None,None,None,6,85
43,9820,811,174270,43,1025,43,675,None,None,None,None,None,None,None,None,3,692
43,9820,874,174270,43,67086,43,66686,None,None,None,None,None,None,None,None,1,4
464,675,811,174270,464,1025,464,9820,None,None,None,None,None,None,None,None,11,918
464,67086,811,174270,464,1025,464,66686,464,675,None,None,None,None,None,None,5,1490
258,675,811,174270,258,66686,258,67086,None,None,None,None,None,None,None,None,13,3803
372,675,956,174270,372,67086,372,1025,372,66686,None,None,None,None,None,None,1,4
464,67086,811,174270,464,1025,464,675,464,66686,None,None,None,None,None,None,5,1692
372,675,589,174270,372,67086,372,1025,372,66686,None,None,None,None,None,None,3,72
76,675,629,174270,76,9840,76,1025,None,None,None,None,None,None,None,None,18,4343
273,675,None,None,None,None,None,None,None,None,None,None,None,None,None,None,6,23
273,67086,811,174270,273,9840,273,66686,None,None,None,None,None,None,None,None,1,31
43,675,372,174270,43,1025,43,66686,43,67086,None,None,None,None,None,None,1,9
43,675,956,174270,43,1025,43,66686,43,67086,None,None,None,None,None,None,1,463
372,675,956,174270,372,67086,372,66686,372,1025,None,None,None,None,None,None,1,3
464,675,956,174270,464,9820,None,None,None,None,None,None,None,None,None,None,1,15
258,67086,629,174270,258,9820,258,66686,None,None,None,None,None,None,None,None,4,1299
258,67086,811,174270,258,66686,258,675,None,None,None,None,None,None,None,None,1,164
273,67086,372,174270,273,1025,273,675,273,66686,None,None,None,None,None,None,1,443
76,67086,811,174270,76,1025,76,675,76,66686,None,None,None,None,None,None,5,51
478,67086,589,174270,None,None,None,None,None,None,None,None,None,None,None,None,2,20
273,675,589,174270,273,1025,273,9840,None,None,None,None,None,None,None,None,9,1125
43,9820,874,174270,43,1025,43,675,None,None,None,None,None,None,None,None,1,265
74,9820,874,174270,74,1025,74,675,None,None,None,None,None,None,None,None,1,9
464,5110,None,None,None,None,None,None,None,None,None,None,None,None,None,None,1,204
478,67086,811,174270,478,1025,478,66686,478,675,None,None,None,None,None,None,2,95
258,67086,811,174270,258,66686,258,9820,None,None,None,None,None,None,None,None,2,415
273,67086,589,174270,273,1025,273,675,273,66686,None,None,None,None,None,None,1,50
482,675,589,174270,482,52740,482,52941,482,53139,None,None,None,None,None,None,1,58
273,9840,None,None,None,None,None,None,None,None,None,None,None,None,None,None,1,16
43,675,None,None,43,5330,43,9820,None,None,None,None,None,None,None,None,2,6
464,675,811,174270,464,1025,464,67086,464,66686,None,None,None,None,None,None,1,4
335,675,629,174270,335,1025,335,66686,335,67086,None,None,None,None,None,None,1,4
478,67086,811,174270,478,9840,478,66686,None,None,None,None,None,None,None,None,1,12
478,67086,372,174270,478,1025,478,66686,478,675,None,None,None,None,None,None,4,65
273,5110,None,None,273,675,None,None,None,None,None,None,None,None,None,None,1,19
76,67086,629,174270,76,9840,76,66686,None,None,None,None,None,None,None,None,12,6300
478,67086,None,None,None,None,None,None,None,None,None,None,None,None,None,None,1,8
482,675,629,174270,482,52740,482,52941,482,53139,None,None,None,None,None,None,1,30
273,67086,589,174270,273,9840,273,66686,None,None,None,None,None,None,None,None,1,68
273,5110,None,None,None,None,None,None,None,None,None,None,None,None,None,None,1,16
478,67086,589,174270,478,1025,478,675,478,66686,None,None,None,None,None,None,3,165
478,67086,629,174270,478,1025,478,66686,478,675,None,None,None,None,None,None,3,21
478,67086,None,None,478,5330,478,9840,478,66686,None,None,None,None,None,None,1,4
478,67086,589,174270,478,1025,478,66686,None,None,None,None,None,None,None,None,1,76
478,67086,629,174270,478,1025,478,66686,None,None,None,None,None,None,None,None,1,4
76,67086,629,174270,76,1025,76,66686,76,675,None,None,None,None,None,None,31,22192
76,5110,None,None,None,None,None,None,None,None,None,None,None,None,None,None,3,56
76,67086,8,174270,76,1025,76,66686,76,675,None,None,None,None,None,None,17,1786
76,67086,372,174270,76,9840,76,66686,None,None,None,None,None,None,None,None,1,52
273,675,589,174270,273,1025,273,9840,273,67086,None,None,None,None,None,None,1,110
273,675,811,174270,273,9840,None,None,None,None,None,None,None,None,None,None,1,70
273,675,811,174270,None,None,None,None,None,None,None,None,None,None,None,None,1,15
43,675,811,174270,43,66686,43,1025,43,67086,None,None,None,None,None,None,2,47
273,9840,None,None,273,5330,None,None,None,None,None,None,None,None,None,None,1,22
478,67086,589,174270,478,1025,478,66686,478,675,None,None,None,None,None,None,2,92
478,67086,811,174270,478,1025,478,66686,None,None,None,None,None,None,None,None,3,46
335,675,629,174270,335,1025,335,9820,None,None,None,None,None,None,None,None,3,23
335,67086,466,174270,335,1025,335,66686,335,675,None,None,None,None,None,None,16,4918
403,67086,466,174270,403,66686,403,675,None,None,None,None,None,None,None,None,1,9
403,675,None,None,None,None,None,None,None,None,None,None,None,None,None,None,36,3067
403,675,93,174270,403,67086,403,66686,None,None,None,None,None,None,None,None,30,23914
403,675,232,174270,403,67086,403,66686,None,None,None,None,None,None,None,None,3,54
410,675,232,174270,410,67086,410,66686,None,None,None,None,None,None,None,None,5,928
410,9820,None,None,410,5330,410,66686,410,67086,None,None,None,None,None,None,6,24
410,9820,232,174270,410,67086,410,66686,None,None,None,None,None,None,None,None,5,1579
410,9820,93,174270,410,67086,410,66686,None,None,None,None,None,None,None,None,4,78
403,66686,93,174270,403,67086,403,9820,None,None,None,None,None,None,None,None,5,902
403,675,None,None,403,5330,403,66686,403,67086,None,None,None,None,None,None,35,8089
403,675,466,174270,403,9820,None,None,None,None,None,None,None,None,None,None,8,1421
403,67086,466,174270,403,9820,403,66686,None,None,None,None,None,None,None,None,1,7
403,675,93,174270,403,9820,None,None,None,None,None,None,None,None,None,None,16,6087
410,675,None,None,410,5330,410,66686,410,67086,None,None,None,None,None,None,16,2015
335,675,None,None,None,None,None,None,None,None,None,None,None,None,None,None,6,1016
403,675,93,174270,403,67086,None,None,None,None,None,None,None,None,None,None,1,1591
403,675,232,174270,403,67086,None,None,None,None,None,None,None,None,None,None,1,17
410,675,232,174270,410,66686,410,67086,None,None,None,None,None,None,None,None,2,19
403,675,93,174270,403,66686,403,67086,None,None,None,None,None,None,None,None,4,5023
403,675,232,174270,None,None,None,None,None,None,None,None,None,None,None,None,2,356
403,66686,None,None,None,None,None,None,None,None,None,None,None,None,None,None,7,252
335,5110,None,None,None,None,None,None,None,None,None,None,None,None,None,None,2,32
335,9820,None,None,335,5330,None,None,None,None,None,None,None,None,None,None,2,5
335,66686,466,174270,335,9820,335,67086,None,None,None,None,None,None,None,None,5,2490
403,9820,68,174270,403,675,None,None,None,None,None,None,None,None,None,None,1,34
403,9820,466,174270,403,675,None,None,None,None,None,None,None,None,None,None,1,33
403,9820,93,174270,403,675,None,None,None,None,None,None,None,None,None,None,1,48
403,66686,93,174270,403,9820,403,67086,None,None,None,None,None,None,None,None,11,4162
403,9820,None,None,None,None,None,None,None,None,None,None,None,None,None,None,1,2
403,9820,232,174270,403,66686,403,67086,None,None,None,None,None,None,None,None,1,15
403,9820,93,174270,403,66686,403,67086,None,None,None,None,None,None,None,None,1,510
403,9820,466,174270,403,66686,403,67086,None,None,None,None,None,None,None,None,2,1165
76,675,8,174270,76,9840,None,None,None,None,None,None,None,None,None,None,393,18731
76,675,811,174270,76,9840,None,None,None,None,None,None,None,None,None,None,352,37186
47,67086,8,174270,47,675,47,66686,None,None,None,None,None,None,None,None,1,10
258,675,8,174270,258,9820,None,None,None,None,None,None,None,None,None,None,94,1513
258,675,207,174270,258,9820,None,None,None,None,None,None,None,None,None,None,71,1968
258,9820,207,174270,None,None,258,66686,None,None,None,None,None,None,None,None,1,60
258,9820,811,174270,None,None,258,66686,None,None,None,None,None,None,None,None,2,946
252,675,207,174270,252,52740,252,52941,252,53139,None,None,None,None,None,None,1,746
252,675,811,174270,None,None,252,52941,None,None,None,None,None,None,None,None,2,565
74,9820,811,174270,74,1025,74,675,None,None,None,None,None,None,None,None,3,26
388,675,811,174270,388,66686,388,67086,None,None,None,None,None,None,None,None,80,334
258,9820,207,174270,258,67086,258,66686,None,None,None,None,None,None,None,None,3,708
74,9820,811,174270,74,66686,74,67086,None,None,None,None,None,None,None,None,1,11
252,675,811,174270,252,53139,252,52941,252,52740,None,None,None,None,None,None,2,238
252,675,207,174270,None,None,252,52941,None,None,None,None,None,None,None,None,2,140
388,675,811,174270,388,67086,388,66686,None,None,None,None,None,None,None,None,16,243
410,9820,811,174270,410,67086,410,66686,None,None,None,None,None,None,None,None,1,9
258,9820,207,174270,258,66686,258,67086,None,None,None,None,None,None,None,None,1,692
41,675,811,174270,41,53139,41,52941,41,52740,None,None,None,None,None,None,7,4761
258,66686,811,174270,258,67086,None,None,None,None,None,None,None,None,None,None,3,388
41,66686,811,174270,41,52740,41,52941,41,53139,None,None,None,None,None,None,6,3017
440,67086,811,174270,440,1025,440,675,440,66686,None,None,None,None,None,None,3,36
440,675,811,174270,440,9840,440,1025,None,None,None,None,None,None,None,None,1,12
440,67086,None,None,440,675,440,5330,440,66686,None,None,None,None,None,None,3,15
372,9820,None,None,372,5330,372,66686,372,67086,None,None,None,None,None,None,3,11
372,9820,811,174270,372,1025,372,675,None,None,None,None,None,None,None,None,3,536
440,67086,811,174270,440,1025,440,66686,440,675,None,None,None,None,None,None,2,51
403,9820,93,174270,None,None,None,None,None,None,None,None,None,None,None,None,2,139
403,9820,466,174270,None,None,None,None,None,None,None,None,None,None,None,None,1,724
403,9820,629,174270,None,None,None,None,None,None,None,None,None,None,None,None,1,42
45,675,629,174270,45,52941,45,53139,45,52740,None,None,None,None,None,None,1,146
45,675,93,174270,45,53139,45,52941,45,52740,None,None,None,None,None,None,5,280
45,675,629,174270,45,53139,45,52941,45,52740,None,None,None,None,None,None,5,571
403,67086,466,174270,403,66686,403,9820,None,None,None,None,None,None,None,None,4,210
45,675,629,174270,45,52740,45,52941,45,53139,None,None,None,None,None,None,13,1842
76,675,466,174270,76,1025,76,9840,None,None,None,None,None,None,None,None,6,117
335,9820,None,None,None,None,None,None,None,None,None,None,None,None,None,None,2,7
335,66686,466,174270,335,1025,335,67086,335,675,None,None,None,None,None,None,13,7096
403,9820,629,174270,403,66686,None,None,None,None,None,None,None,None,None,None,1,71
258,675,8,174270,258,67086,258,66686,None,None,None,None,None,None,None,None,5,577
388,675,None,None,388,5330,388,66686,388,67086,None,None,None,None,None,None,280,17952
388,675,207,174270,388,67086,388,66686,None,None,None,None,None,None,None,None,41,7340
47,67086,207,174270,47,675,47,66686,None,None,None,None,None,None,None,None,1,8
47,675,None,None,47,5330,47,66686,47,67086,None,None,None,None,None,None,6,335
47,675,8,174270,47,66686,47,67086,None,None,None,None,None,None,None,None,4,693
76,67086,8,174270,76,9840,76,66686,None,None,None,None,None,None,None,None,2,27
47,67086,8,174270,47,66686,47,675,None,None,None,None,None,None,None,None,5,676
47,675,207,174270,47,67086,47,66686,None,None,None,None,None,None,None,None,2,309
47,675,8,174270,47,67086,47,66686,None,None,None,None,None,None,None,None,2,564
403,675,8,174270,403,67086,403,66686,None,None,None,None,None,None,None,None,2,14
47,67086,None,None,None,None,None,None,None,None,None,None,None,None,None,None,2,8
47,67086,93,174270,47,66686,47,675,None,None,None,None,None,None,None,None,2,308
403,67086,93,174270,403,9820,403,66686,None,None,None,None,None,None,None,None,6,11672
335,675,93,174270,335,1025,335,9820,None,None,None,None,None,None,None,None,9,256
335,67086,93,174270,335,1025,335,66686,335,675,None,None,None,None,None,None,4,756
45,675,None,None,45,52740,45,52941,45,53139,None,None,None,None,None,None,1,201
45,675,93,174270,45,52941,45,53139,None,None,None,None,None,None,None,None,4,351
45,675,629,174270,45,52941,45,53139,None,None,None,None,None,None,None,None,2,342
388,675,None,None,None,None,None,None,None,None,None,None,None,None,None,None,6,12
47,67086,207,174270,47,66686,47,675,None,None,None,None,None,None,None,None,2,27
47,675,93,174270,47,66686,47,67086,None,None,None,None,None,None,None,None,1,23
403,9820,629,174270,None,None,403,66686,None,None,None,None,None,None,None,None,1,30
76,9840,None,None,76,5330,None,None,None,None,None,None,None,None,None,None,2,696
76,67086,207,174270,76,1025,76,66686,76,675,None,None,None,None,None,None,7,208
47,67086,None,None,47,675,47,5330,47,66686,None,None,None,None,None,None,3,14
335,67086,8,174270,335,1025,335,66686,335,675,None,None,None,None,None,None,2,7
76,675,93,174270,76,1025,76,9840,None,None,None,None,None,None,None,None,1,47
45,675,629,174270,None,None,None,None,None,None,None,None,None,None,None,None,5,391
388,67086,8,174270,388,675,388,66686,None,None,None,None,None,None,None,None,10,2522
47,66686,8,174270,47,67086,47,675,None,None,None,None,None,None,None,None,1,2
76,67086,93,174270,76,9840,76,66686,None,None,None,None,None,None,None,None,3,141
45,675,629,174270,None,None,45,52941,None,None,None,None,None,None,None,None,1,131
403,675,8,174270,403,9820,None,None,None,None,None,None,None,None,None,None,2,37
388,67086,93,174270,388,675,388,66686,None,None,None,None,None,None,None,None,1,4
403,67086,None,None,403,675,403,5330,403,66686,None,None,None,None,None,None,8,34
45,675,None,None,45,52740,None,None,None,None,None,None,None,None,None,None,11,729
45,675,466,174270,45,53139,45,52941,45,52740,None,None,None,None,None,None,7,392
45,675,629,174270,45,1025,None,None,None,None,None,None,None,None,None,None,6,542
76,675,None,None,76,1025,76,5330,76,66686,None,None,None,None,None,None,2,571
47,675,None,None,47,5330,None,None,None,None,None,None,None,None,None,None,49,2275
47,675,8,174270,None,None,None,None,None,None,None,None,None,None,None,None,32,5903
47,675,207,174270,None,None,None,None,None,None,None,None,None,None,None,None,21,1955
76,675,207,174270,76,1025,76,9840,None,None,None,None,None,None,None,None,4,765
410,675,207,174270,410,66686,410,67086,None,None,None,None,None,None,None,None,1,49
None,None,None,None,None,None,None,None,None,None,None,None,None,None,None,None,47,164
388,66686,None,None,None,None,None,None,None,None,None,None,None,None,None,None,6,19
388,66686,207,174270,388,9840,388,67086,None,None,None,None,None,None,None,None,21,7207
388,66686,811,174270,388,9840,388,67086,None,None,None,None,None,None,None,None,3,522
41,66686,811,174270,41,53139,41,52941,41,52740,None,None,None,None,None,None,13,11557
440,66686,None,None,440,675,440,5330,440,67086,None,None,None,None,None,None,4,16
440,66686,811,174270,440,1025,440,675,440,67086,None,None,None,None,None,None,1,54
335,67086,93,174270,335,1025,335,675,335,66686,None,None,None,None,None,None,2,18
410,67086,None,None,410,675,410,5330,410,66686,None,None,None,None,None,None,8,38
410,67086,232,174270,410,9820,410,66686,None,None,None,None,None,None,None,None,3,894
410,67086,8,174270,410,66686,410,9820,None,None,None,None,None,None,None,None,1,102
388,67086,207,174270,388,9840,388,66686,None,None,None,None,None,None,None,None,8,3430
388,67086,811,174270,388,9840,388,66686,None,None,None,None,None,None,None,None,5,237
258,5110,None,None,258,675,258,66686,258,67086,None,None,None,None,None,None,19,4467
464,675,811,174270,464,1025,464,66686,464,67086,None,None,None,None,None,None,3,636
43,675,811,174270,43,66686,43,67086,None,None,None,None,None,None,None,None,2,299
464,675,811,174270,464,9820,464,1025,None,None,None,None,None,None,None,None,1,10
43,675,811,174270,43,67086,43,66686,None,None,None,None,None,None,None,None,7,399
76,66686,629,174270,76,1025,76,67086,76,675,None,None,None,None,None,None,6,3327
76,66686,466,174270,76,1025,76,67086,76,675,None,None,None,None,None,None,1,1
335,66686,None,None,335,675,335,5330,335,67086,None,None,None,None,None,None,40,1907
335,66686,93,174270,335,1025,335,675,335,67086,None,None,None,None,None,None,4,326
410,66686,None,None,410,675,410,5330,410,67086,None,None,None,None,None,None,13,54
410,66686,232,174270,410,9820,410,67086,None,None,None,None,None,None,None,None,6,1670
388,66686,8,174270,388,675,388,67086,None,None,None,None,None,None,None,None,8,1517
388,66686,207,174270,388,675,388,67086,None,None,None,None,None,None,None,None,21,6332
440,66686,811,174270,440,9840,440,67086,None,None,None,None,None,None,None,None,1,48
464,66686,None,None,464,675,464,5330,464,67086,None,None,None,None,None,None,3,12
464,66686,811,174270,464,1025,464,675,464,67086,None,None,None,None,None,None,1,40
478,66686,None,None,478,675,478,5330,478,67086,None,None,None,None,None,None,22,4784
478,66686,811,174270,478,9840,478,67086,None,None,None,None,None,None,None,None,4,191
76,66686,629,174270,76,9840,76,67086,None,None,None,None,None,None,None,None,5,3209
335,66686,93,174270,335,1025,335,67086,335,675,None,None,None,None,None,None,9,163
410,66686,93,174270,410,9820,410,67086,None,None,None,None,None,None,None,None,5,303
76,66686,8,174270,76,1025,76,67086,76,675,None,None,None,None,None,None,6,545
76,66686,207,174270,76,1025,76,67086,None,None,None,None,None,None,None,None,1,36
76,66686,8,174270,76,1025,76,67086,None,None,None,None,None,None,None,None,1,144
76,66686,None,None,76,1025,76,5330,76,67086,None,None,None,None,None,None,1,8
76,66686,629,174270,76,1025,76,67086,None,None,None,None,None,None,None,None,2,368
76,66686,466,174270,76,1025,76,67086,None,None,None,None,None,None,None,None,1,229
273,66686,None,None,273,675,273,5330,273,67086,None,None,None,None,None,None,12,723
273,66686,629,174270,273,67086,273,675,None,None,None,None,None,None,None,None,3,143
273,66686,372,174270,273,67086,273,675,None,None,None,None,None,None,None,None,5,1285
273,66686,811,174270,273,67086,273,675,None,None,None,None,None,None,None,None,6,292
76,66686,811,174270,76,1025,76,67086,76,675,None,None,None,None,None,None,9,756
258,66686,8,174270,258,9820,258,67086,None,None,None,None,None,None,None,None,5,176
388,66686,811,174270,388,675,388,67086,None,None,None,None,None,None,None,None,1,43
388,66686,811,174270,None,None,388,67086,None,None,None,None,None,None,None,None,5,379
388,66686,207,174270,None,None,388,67086,None,None,None,None,None,None,None,None,5,1442
258,66686,207,174270,258,9820,258,67086,None,None,None,None,None,None,None,None,4,175
478,66686,811,174270,478,67086,478,1025,478,675,None,None,None,None,None,None,1,80
478,66686,372,174270,478,9840,478,67086,None,None,None,None,None,None,None,None,2,28
273,675,372,174270,273,67086,273,66686,None,None,None,None,None,None,None,None,12,2622
410,675,None,None,None,None,None,None,None,None,None,None,None,None,None,None,6,561
410,675,8,174270,410,67086,410,66686,None,None,None,None,None,None,None,None,2,35
410,675,207,174270,410,67086,None,None,None,None,None,None,None,None,None,None,1,31
76,66686,811,174270,76,9840,76,67086,None,None,None,None,None,None,None,None,3,144
478,66686,874,174270,478,9840,478,67086,None,None,None,None,None,None,None,None,2,111
273,675,372,174270,273,66686,273,67086,None,None,None,None,None,None,None,None,2,309
43,675,372,174270,43,67086,43,66686,None,None,None,None,None,None,None,None,2,89
482,675,None,None,482,52740,482,52941,482,53139,None,None,None,None,None,None,3,145
76,675,629,174270,76,67086,76,66686,None,None,None,None,None,None,None,None,5,671
76,675,629,174270,76,9840,None,None,None,None,None,None,None,None,None,None,873,105004
76,675,93,174270,76,67086,76,66686,None,None,None,None,None,None,None,None,1,5
76,675,207,174270,76,67086,76,66686,None,None,None,None,None,None,None,None,1,15
45,675,None,None,45,53139,None,None,None,None,None,None,None,None,None,None,18,63
45,675,466,174270,None,None,45,52941,45,53139,None,None,None,None,None,None,2,211
45,675,466,174270,45,53139,None,None,None,None,None,None,None,None,None,None,3,304
45,675,93,174270,45,52941,45,53139,45,52740,None,None,None,None,None,None,3,104
45,675,466,174270,45,1025,None,None,None,None,None,None,None,None,None,None,11,1422
76,675,811,174270,76,67086,76,66686,None,None,None,None,None,None,None,None,5,185
76,675,None,None,76,5330,76,9840,None,None,None,None,None,None,None,None,1570,69637
464,675,811,174270,464,67086,464,66686,None,None,None,None,None,None,None,None,8,1211
43,675,874,174270,43,67086,43,66686,None,None,None,None,None,None,None,None,4,246
76,67086,629,174270,76,675,76,66686,None,None,None,None,None,None,None,None,1,125
388,67086,207,174270,388,66686,388,675,None,None,None,None,None,None,None,None,4,1735
76,67086,466,174270,76,1025,76,66686,76,675,None,None,None,None,None,None,2,229
258,67086,8,174270,258,675,258,66686,None,None,None,None,None,None,None,None,1,349
335,675,466,174270,335,1025,335,67086,335,66686,None,None,None,None,None,None,9,5715
335,675,93,174270,335,1025,335,67086,335,66686,None,None,None,None,None,None,3,615
45,675,93,174270,45,52941,None,None,None,None,None,None,None,None,None,None,2,117
45,675,466,174270,45,52941,None,None,None,None,None,None,None,None,None,None,4,789
45,675,629,174270,45,52941,None,None,None,None,None,None,None,None,None,None,5,224
76,675,None,None,76,1025,76,5330,76,67086,None,None,None,None,None,None,2,8
381,675,None,None,381,5330,381,66686,381,67086,None,None,None,None,None,None,3,39
381,675,811,174270,381,9820,None,None,None,None,None,None,None,None,None,None,2,66
41,66686,None,None,41,52740,41,52941,41,53139,None,None,None,None,None,None,9,45
43,675,589,174270,43,67086,43,66686,None,None,None,None,None,None,None,None,1,7
258,66686,None,None,258,5330,258,67086,None,None,None,None,None,None,None,None,1,72
76,66686,466,174270,76,9840,76,67086,None,None,None,None,None,None,None,None,2,3
403,5110,None,None,None,None,None,None,None,None,None,None,None,None,None,None,2,29
403,9820,232,174270,None,None,403,66686,None,None,None,None,None,None,None,None,1,96
410,9820,8,174270,410,67086,410,66686,None,None,None,None,None,None,None,None,1,44
388,66686,8,174270,388,9840,388,67086,None,None,None,None,None,None,None,None,14,1893
440,675,811,174270,440,1025,440,9840,None,None,None,None,None,None,None,None,3,80
76,675,466,174270,76,9840,None,None,None,None,None,None,None,None,None,None,162,1525
403,675,232,174270,None,None,403,66686,None,None,None,None,None,None,None,None,1,6
410,675,8,174270,410,9820,None,None,None,None,None,None,None,None,None,None,8,380
273,675,629,174270,273,67086,273,66686,None,None,None,None,None,None,None,None,3,84
273,675,811,174270,273,66686,273,67086,None,None,None,None,None,None,None,None,3,209
388,675,207,174270,388,9840,None,None,None,None,None,None,None,None,None,None,23,5451
388,675,811,174270,388,9840,None,None,None,None,None,None,None,None,None,None,2,338
252,675,811,174270,252,52740,252,52941,252,53139,None,None,None,None,None,None,1,129
478,66686,589,174270,478,9840,478,67086,None,None,None,None,None,None,None,None,3,353
76,66686,8,174270,76,9840,76,67086,None,None,None,None,None,None,None,None,2,244
76,66686,207,174270,76,1025,76,67086,76,675,None,None,None,None,None,None,2,357
388,66686,207,174270,388,67086,388,675,None,None,None,None,None,None,None,None,1,789
388,66686,811,174270,388,67086,None,None,None,None,None,None,None,None,None,None,1,41
43,675,589,174270,None,None,None,None,None,None,None,None,None,None,None,None,2,213
273,675,811,174270,273,67086,273,66686,None,None,None,None,None,None,None,None,1,23
76,675,372,174270,76,9840,None,None,None,None,None,None,None,None,None,None,2,79
252,675,207,174270,None,None,252,52941,252,52740,None,None,None,None,None,None,1,39
252,675,811,174270,None,None,252,52941,252,52740,None,None,None,None,None,None,1,46
45,675,466,174270,45,52941,45,52740,45,53139,None,None,None,None,None,None,4,331
45,675,None,None,45,52941,None,None,None,None,None,None,None,None,None,None,7,421
76,67086,629,174270,76,675,None,None,None,None,None,None,None,None,None,None,1,264
76,67086,None,None,76,675,76,5330,None,None,None,None,None,None,None,None,2,6
478,67086,372,174270,478,1025,478,66686,None,None,None,None,None,None,None,None,1,52
76,67086,372,174270,76,66686,76,9840,None,None,None,None,None,None,None,None,2,111
478,67086,372,174270,478,1025,478,675,478,66686,None,None,None,None,None,None,4,247
76,67086,589,174270,76,66686,76,9840,None,None,None,None,None,None,None,None,1,24
464,675,None,None,464,5330,464,67086,None,None,None,None,None,None,None,None,9,50
464,675,811,174270,464,67086,None,None,None,None,None,None,None,None,None,None,8,1250
464,67086,589,174270,464,675,None,None,None,None,None,None,None,None,None,None,1,26
45,675,93,174270,45,52740,45,52941,45,53139,None,None,None,None,None,None,11,590
45,675,629,174270,45,52740,None,None,None,None,None,None,None,None,None,None,1,5
76,675,589,174270,76,9840,None,None,None,None,None,None,None,None,None,None,24,108
76,675,811,174270,None,None,None,None,None,None,None,None,None,None,None,None,23,172
258,66686,207,174270,None,None,258,67086,None,None,None,None,None,None,None,None,5,26
388,66686,466,174270,388,675,388,67086,None,None,None,None,None,None,None,None,1,54
388,66686,93,174270,388,675,388,67086,None,None,None,None,None,None,None,None,2,127
372,5110,None,None,372,675,372,66686,372,67086,None,None,None,None,None,None,1,14
388,67086,8,174270,None,None,388,66686,None,None,None,None,None,None,None,None,1,295
388,67086,None,None,388,5330,388,9840,388,66686,None,None,None,None,None,None,1,4
388,67086,466,174270,388,9840,388,66686,None,None,None,None,None,None,None,None,1,29
335,67086,629,174270,335,9820,335,66686,None,None,None,None,None,None,None,None,4,128
76,675,93,174270,76,9840,None,None,None,None,None,None,None,None,None,None,6,244
335,66686,629,174270,None,None,335,67086,None,None,None,None,None,None,None,None,2,76
76,675,207,174270,76,9840,None,None,None,None,None,None,None,None,None,None,177,5713
47,675,466,174270,None,None,None,None,None,None,None,None,None,None,None,None,1,63
45,675,466,174270,45,52941,45,53139,45,52740,None,None,None,None,None,None,3,97
47,675,93,174270,None,None,None,None,None,None,None,None,None,None,None,None,6,419
335,675,466,174270,335,1025,335,66686,335,67086,None,None,None,None,None,None,2,968
388,67086,8,174270,388,9840,388,66686,None,None,None,None,None,None,None,None,5,561
410,67086,None,None,None,None,None,None,None,None,None,None,None,None,None,None,4,531
410,67086,93,174270,410,9820,410,66686,None,None,None,None,None,None,None,None,3,150
335,67086,93,174270,335,1025,335,66686,None,None,None,None,None,None,None,None,1,3
403,67086,232,174270,403,9820,None,None,None,None,None,None,None,None,None,None,1,377
403,67086,93,174270,403,9820,None,None,None,None,None,None,None,None,None,None,1,837
45,675,466,174270,45,52941,45,53139,None,None,None,None,None,None,None,None,1,112
258,66686,207,174270,None,None,None,None,None,None,None,None,None,None,None,None,4,191
388,66686,629,174270,388,9840,388,67086,None,None,None,None,None,None,None,None,3,126
388,66686,93,174270,388,9840,388,67086,None,None,None,None,None,None,None,None,4,168
410,66686,None,None,None,None,None,None,None,None,None,None,None,None,None,None,6,146
410,66686,93,174270,410,67086,410,9820,None,None,None,None,None,None,None,None,4,532
403,66686,None,None,403,675,403,5330,403,67086,None,None,None,None,None,None,7,30
403,66686,466,174270,403,67086,403,9820,None,None,None,None,None,None,None,None,2,173
76,66686,93,174270,76,9840,76,67086,None,None,None,None,None,None,None,None,1,9
76,66686,93,174270,76,1025,76,67086,76,675,None,None,None,None,None,None,2,135
45,1025,None,None,None,None,None,None,None,None,None,None,None,None,None,None,3,39
464,9820,None,None,464,5330,464,66686,464,67086,None,None,None,None,None,None,1,306
464,66686,589,174270,464,1025,464,67086,464,675,None,None,None,None,None,None,1,182
464,66686,811,174270,464,9820,464,67086,None,None,None,None,None,None,None,None,1,79
258,66686,629,174270,258,675,None,None,None,None,None,None,None,None,None,None,1,20
258,66686,811,174270,None,None,None,None,None,None,None,None,None,None,None,None,2,390
258,66686,8,174270,None,None,None,None,None,None,None,None,None,None,None,None,1,8
258,66686,629,174270,None,None,None,None,None,None,None,None,None,None,None,None,3,166
45,675,466,174270,45,52740,45,52941,None,None,None,None,None,None,None,None,2,381
47,675,629,174270,None,None,None,None,None,None,None,None,None,None,None,None,2,187
410,67086,629,174270,410,9820,410,66686,None,None,None,None,None,None,None,None,1,24
410,67086,93,174270,410,675,410,66686,None,None,None,None,None,None,None,None,1,87
335,67086,None,None,None,None,None,None,None,None,None,None,None,None,None,None,3,110
388,66686,8,174270,388,9840,388,67086,388,67086,None,None,None,None,None,None,1,305
388,66686,629,174270,388,675,388,67086,None,None,None,None,None,None,None,None,7,358
403,66686,466,174270,403,9820,403,67086,None,None,None,None,None,None,None,None,1,55
45,675,93,174270,45,52740,None,None,None,None,None,None,None,None,None,None,1,58
258,66686,207,174270,258,9820,None,None,None,None,None,None,None,None,None,None,1,94
273,675,None,None,273,5330,273,66686,None,None,None,None,None,None,None,None,1,3
273,675,372,174270,273,66686,None,None,None,None,None,None,None,None,None,None,1,268
273,675,811,174270,273,66686,None,None,None,None,None,None,None,None,None,None,1,38
252,675,None,None,252,53139,None,None,None,None,None,None,None,None,None,None,2,143
335,675,93,174270,335,67086,335,66686,None,None,None,None,None,None,None,None,1,26
335,675,466,174270,335,67086,335,66686,None,None,None,None,None,None,None,None,1,535
76,675,None,None,76,1025,76,5330,None,None,None,None,None,None,None,None,1,785
78,9840,None,None,78,5330,78,66686,78,67086,None,None,None,None,None,None,1,40
388,9840,None,None,388,5330,388,66686,388,67086,None,None,None,None,None,None,1,808
464,675,589,174270,464,1025,464,9820,None,None,None,None,None,None,None,None,1,17
410,66686,8,174270,410,9820,410,67086,None,None,None,None,None,None,None,None,3,281
440,66686,811,174270,440,1025,440,67086,440,675,None,None,None,None,None,None,1,52
464,66686,811,174270,464,1025,464,67086,464,675,None,None,None,None,None,None,1,350
335,66686,93,174270,335,1025,335,67086,None,None,None,None,None,None,None,None,1,5
335,67086,93,174270,335,9820,335,66686,None,None,None,None,None,None,None,None,2,22
403,67086,93,174270,403,66686,403,9820,None,None,None,None,None,None,None,None,4,981
410,67086,8,174270,410,9820,410,66686,None,None,None,None,None,None,None,None,4,312
410,67086,207,174270,410,9820,410,66686,None,None,None,None,None,None,None,None,3,280
273,67086,372,174270,273,675,273,66686,None,None,None,None,None,None,None,None,2,376
273,67086,372,174270,273,66686,273,675,None,None,None,None,None,None,None,None,2,681
273,67086,589,174270,273,66686,273,675,None,None,None,None,None,None,None,None,1,22
76,67086,589,174270,76,1025,76,66686,76,675,None,None,None,None,None,None,1,16
478,67086,811,174270,478,1025,478,675,478,66686,None,None,None,None,None,None,2,131
76,67086,8,174270,76,1025,76,675,None,None,None,None,None,None,None,None,1,283
388,67086,811,174270,388,66686,None,None,None,None,None,None,None,None,None,None,1,392
273,675,874,174270,273,67086,273,66686,None,None,None,None,None,None,None,None,1,188
43,675,None,None,43,5330,None,None,None,None,None,None,None,None,None,None,1,4
273,675,589,174270,273,67086,273,66686,None,None,None,None,None,None,None,None,1,91
76,67086,None,None,None,None,None,None,None,None,None,None,None,None,None,None,5,18
76,67086,466,174270,76,9840,76,66686,None,None,None,None,None,None,None,None,4,394
76,67086,93,174270,76,66686,76,9840,None,None,None,None,None,None,None,None,1,22
403,67086,93,174270,403,66686,403,675,None,None,None,None,None,None,None,None,1,54
45,675,93,174270,45,53139,45,52941,None,None,None,None,None,None,None,None,3,253
76,675,811,174270,76,1025,76,67086,76,66686,None,None,None,None,None,None,1,88
388,67086,811,174270,388,66686,388,675,None,None,None,None,None,None,None,None,1,73
76,67086,629,174270,76,1025,76,675,None,None,None,None,None,None,None,None,1,1788
76,67086,811,174270,76,9840,None,None,None,None,None,None,None,None,None,None,2,506
258,67086,8,174270,None,None,258,66686,None,None,None,None,None,None,None,None,1,47
258,67086,811,174270,None,None,258,66686,None,None,None,None,None,None,None,None,1,35
76,67086,811,174270,76,1025,76,675,None,None,None,None,None,None,None,None,1,3
76,67086,8,174270,76,9840,None,None,None,None,None,None,None,None,None,None,1,167
76,675,874,174270,76,9840,None,None,None,None,None,None,None,None,None,None,1,10
440,9840,None,None,440,5330,440,66686,440,67086,None,None,None,None,None,None,3,110
45,675,93,174270,45,53139,None,None,None,None,None,None,None,None,None,None,1,58
45,675,629,174270,45,53139,None,None,None,None,None,None,None,None,None,None,1,56
410,66686,207,174270,410,9820,410,67086,None,None,None,None,None,None,None,None,3,158
410,66686,629,174270,410,67086,410,675,None,None,None,None,None,None,None,None,3,289
410,66686,93,174270,410,67086,None,None,None,None,None,None,None,None,None,None,1,86
45,675,466,174270,45,52740,None,None,None,None,None,None,None,None,None,None,2,127
45,675,629,174270,None,None,None,None,45,53139,None,None,None,None,None,None,1,17
320,9840,None,None,None,None,None,None,None,None,None,None,None,None,None,None,1,18
47,675,8,174270,47,5330,None,None,None,None,None,None,None,None,None,None,1,156
76,675,466,174270,76,1025,76,66686,76,67086,None,None,None,None,None,None,1,30
76,675,629,174270,76,1025,76,66686,76,67086,None,None,None,None,None,None,1,463
388,66686,8,174270,None,None,388,67086,None,None,None,None,None,None,None,None,6,947
76,66686,8,174270,76,1025,76,675,None,None,None,None,None,None,None,None,1,62
76,66686,93,174270,76,1025,76,675,None,None,None,None,None,None,None,None,1,4
403,675,93,174270,None,None,None,None,None,None,None,None,None,None,None,None,1,3460
258,67086,207,174270,None,None,258,66686,None,None,None,None,None,None,None,None,2,100
258,675,None,None,258,5330,258,9820,None,None,None,None,None,None,None,None,381,14341
372,675,None,None,372,5330,None,None,None,None,None,None,None,None,None,None,4,65
335,67086,629,174270,335,1025,335,675,335,66686,None,None,None,None,None,None,2,414
335,67086,None,None,335,5330,335,9820,335,66686,None,None,None,None,None,None,10,38
335,67086,629,174270,335,1025,335,66686,None,None,None,None,None,None,None,None,10,389
388,67086,466,174270,388,675,388,66686,None,None,None,None,None,None,None,None,1,4
388,67086,629,174270,388,675,388,66686,None,None,None,None,None,None,None,None,12,205
335,67086,629,174270,335,1025,335,66686,335,675,None,None,None,None,None,None,5,1909
372,675,811,174270,None,None,None,None,None,None,None,None,None,None,None,None,2,110
464,675,None,None,464,5330,None,None,None,None,None,None,None,None,None,None,1,7
464,675,811,174270,None,None,None,None,None,None,None,None,None,None,None,None,2,187
258,5110,None,None,258,675,None,None,None,None,None,None,None,None,None,None,2,506
258,675,629,174270,258,9820,None,None,None,None,None,None,None,None,None,None,7,76
388,675,8,174270,388,67086,388,66686,None,None,None,None,None,None,None,None,25,539
388,675,8,174270,388,66686,388,67086,None,None,None,None,None,None,None,None,8,80
388,5110,None,None,None,None,None,None,None,None,None,None,None,None,None,None,1,14
388,67086,8,174270,388,66686,None,None,388,66686,None,None,None,None,None,None,1,4
388,67086,None,None,388,5330,388,66686,None,None,None,None,None,None,None,None,7,30
388,67086,8,174270,388,66686,None,None,None,None,None,None,None,None,None,None,5,19
388,67086,629,174270,388,66686,None,None,None,None,None,None,None,None,None,None,3,307
258,675,None,None,258,5330,None,None,None,None,None,None,None,None,None,None,24,102
258,675,811,174270,None,None,None,None,None,None,None,None,None,None,None,None,20,190
258,675,207,174270,None,None,None,None,None,None,None,None,None,None,None,None,4,28
76,675,68,174270,76,9840,None,None,None,None,None,None,None,None,None,None,7,23
76,675,232,174270,76,9840,None,None,None,None,None,None,None,None,None,None,4,14
76,675,None,None,76,9840,None,None,None,None,None,None,None,None,None,None,119,2086
76,675,None,None,76,5330,None,None,None,None,None,None,None,None,None,None,67,295
76,675,629,174270,None,None,None,None,None,None,None,None,None,None,None,None,48,2396
76,675,466,174270,None,None,None,None,None,None,None,None,None,None,None,None,1,3
478,66686,None,None,None,None,None,None,None,None,None,None,None,None,None,None,1,366
478,66686,629,174270,None,None,None,None,None,None,None,None,None,None,None,None,1,2106
478,66686,8,174270,None,None,None,None,None,None,None,None,None,None,None,None,1,20
478,66686,811,174270,None,None,None,None,None,None,None,None,None,None,None,None,1,94
76,675,8,174270,76,9840,76,9840,None,None,None,None,None,None,None,None,1,104
388,66686,629,174270,388,67086,None,None,None,None,None,None,None,None,None,None,7,350
335,66686,629,174270,335,1025,335,67086,335,675,None,None,None,None,None,None,10,1089
76,675,None,None,76,5110,76,9840,None,None,None,None,None,None,None,None,1,3
372,675,811,174270,372,9820,None,None,None,None,None,None,None,None,None,None,1,4
410,675,232,174270,410,9820,None,None,None,None,None,None,None,None,None,None,6,1670
403,675,232,174270,403,9820,None,None,None,None,None,None,None,None,None,None,1,50
273,675,629,174270,273,66686,273,67086,None,None,None,None,None,None,None,None,1,1
335,675,629,174270,335,1025,335,67086,335,66686,None,None,None,None,None,None,1,3
478,66686,811,174270,478,1025,478,675,478,67086,None,None,None,None,None,None,2,93
43,675,372,174270,43,1025,43,9820,None,None,None,None,None,None,None,None,1,56
273,675,589,174270,273,66686,273,67086,None,None,None,None,None,None,None,None,1,9
440,675,None,None,440,66686,440,67086,440,5110,None,None,None,None,None,None,2,11
440,675,811,174270,440,67086,440,66686,440,1025,None,None,None,None,None,None,3,59
372,1025,None,None,372,67086,372,675,372,5330,None,None,None,None,None,None,2,30
381,67086,None,None,381,675,381,5330,381,66686,None,None,None,None,None,None,4,38
381,67086,811,174270,381,9820,381,66686,None,None,None,None,None,None,None,None,1,128
230,67086,None,None,230,675,230,5330,230,66686,None,None,None,None,None,None,1,10
388,67086,93,174270,388,66686,None,None,None,None,None,None,None,None,None,None,1,6
45,675,629,174270,None,None,45,52941,45,53139,None,None,None,None,None,None,1,47
410,675,811,174270,410,67086,410,66686,None,None,None,None,None,None,None,None,1,26
258,66686,629,174270,258,675,258,67086,None,None,None,None,None,None,None,None,11,905
258,66686,811,174270,258,675,258,67086,None,None,None,None,None,None,None,None,5,1783
258,66686,8,174270,258,675,258,67086,None,None,None,None,None,None,None,None,2,191
478,66686,629,174270,478,9840,478,67086,None,None,None,None,None,None,None,None,5,603
388,66686,629,174270,388,67086,388,675,None,None,None,None,None,None,None,None,4,396
388,66686,8,174270,388,67086,None,None,None,None,None,None,None,None,None,None,2,581
410,675,207,174270,410,9820,None,None,None,None,None,None,None,None,None,None,6,254
335,66686,629,174270,335,1025,335,675,335,67086,None,None,None,None,None,None,3,88
478,66686,629,174270,478,1025,478,675,478,67086,None,None,None,None,None,None,2,165
410,66686,8,174270,410,67086,410,9820,None,None,None,None,None,None,None,None,1,127
335,66686,466,174270,335,1025,335,67086,None,None,None,None,None,None,None,None,1,28
478,66686,629,174270,478,1025,478,67086,478,675,None,None,None,None,None,None,2,157
258,66686,629,174270,258,9820,258,67086,None,None,None,None,None,None,None,None,7,197
335,66686,466,174270,335,1025,335,675,335,67086,None,None,None,None,None,None,1,35
335,66686,629,174270,335,9820,335,67086,None,None,None,None,None,None,None,None,4,1130
335,66686,629,174270,335,675,335,1025,335,67086,None,None,None,None,None,None,1,71
47,5110,None,None,47,675,None,None,None,None,None,None,None,None,None,None,4,620
403,675,207,174270,403,67086,403,66686,None,None,None,None,None,None,None,None,1,15
403,675,None,None,403,5330,403,9820,None,None,None,None,None,None,None,None,2,7
47,675,None,None,None,None,None,None,None,None,None,None,None,None,None,None,1,2
388,5110,None,None,388,675,388,66686,388,67086,None,None,None,None,None,None,5,862
76,5110,None,None,76,675,None,None,None,None,None,None,None,None,None,None,9,4597
388,67086,8,174270,388,675,388,66686,388,66686,None,None,None,None,None,None,1,514
388,67086,207,174270,None,None,388,66686,None,None,None,None,None,None,None,None,2,407
43,675,874,174270,43,67086,43,66686,43,1025,None,None,None,None,None,None,2,86
43,675,874,174270,43,1025,43,9820,None,None,None,None,None,None,None,None,1,251
43,675,874,174270,43,66686,43,67086,43,1025,None,None,None,None,None,None,2,31
43,675,589,174270,43,67086,43,66686,43,1025,None,None,None,None,None,None,1,12
372,675,589,174270,372,67086,372,66686,372,1025,None,None,None,None,None,None,2,53
258,66686,None,None,258,5330,None,None,None,None,None,None,None,None,None,None,1,3
335,66686,466,174270,None,None,335,67086,None,None,None,None,None,None,None,None,1,474
335,66686,93,174270,335,675,335,1025,None,None,None,None,None,None,None,None,1,9
403,66686,466,174270,403,9820,None,None,None,None,None,None,None,None,None,None,1,33
372,675,811,174270,372,9820,372,1025,None,None,None,None,None,None,None,None,1,29
45,675,629,174270,45,52941,45,52740,45,53139,None,None,None,None,None,None,2,370
403,675,8,174270,403,66686,403,67086,None,None,None,None,None,None,None,None,1,3
388,675,8,174270,388,9840,None,None,None,None,None,None,None,None,None,None,10,559
410,675,207,174270,None,None,None,None,None,None,None,None,None,None,None,None,5,193
252,675,207,174270,252,53339,252,53141,252,52940,None,None,None,None,None,None,1,162
252,675,None,None,252,53339,None,None,None,None,None,None,None,None,None,None,1,4
252,675,811,174270,252,53141,252,53339,252,52940,None,None,None,None,None,None,1,25
388,675,93,174270,388,9840,None,None,None,None,None,None,None,None,None,None,1,19
403,675,207,174270,403,66686,403,67086,None,None,None,None,None,None,None,None,2,24
335,675,93,174270,335,1025,335,66686,335,67086,None,None,None,None,None,None,2,91
410,675,207,174270,410,67086,410,66686,None,None,None,None,None,None,None,None,1,32
273,66686,811,174270,273,1025,273,67086,273,675,None,None,None,None,None,None,1,21
273,66686,629,174270,273,9840,273,67086,None,None,None,None,None,None,None,None,2,134
273,66686,372,174270,273,9840,273,67086,None,None,None,None,None,None,None,None,3,1250
381,67086,811,174270,381,66686,381,9820,None,None,None,None,None,None,None,None,1,37
45,675,466,174270,None,None,45,52941,45,52740,None,None,None,None,None,None,2,160
45,675,None,None,45,52740,45,52941,None,None,None,None,None,None,None,None,1,4
45,675,93,174270,45,52740,45,52941,None,None,None,None,None,None,None,None,2,132
76,675,207,174270,None,None,None,None,None,None,None,None,None,None,None,None,2,41
252,675,207,174270,252,52940,252,53141,252,53339,None,None,None,None,None,None,2,360
252,675,811,174270,None,None,252,53141,252,53339,None,None,None,None,None,None,1,23
410,66686,589,174270,410,9820,410,67086,None,None,None,None,None,None,None,None,1,16
410,66686,8,174270,410,67086,410,675,None,None,None,None,None,None,None,None,1,59
258,67086,629,174270,258,675,258,66686,None,None,None,None,None,None,None,None,3,224
45,675,93,174270,45,52941,45,52740,45,53139,None,None,None,None,None,None,1,8
438,675,None,None,438,5330,438,66686,438,67086,None,None,None,None,None,None,1,36
335,5110,None,None,335,675,None,None,None,None,None,None,None,None,None,None,1,20
335,9820,372,174270,335,1025,335,675,None,None,None,None,None,None,None,None,1,21
335,1025,None,None,335,675,335,5330,335,67086,None,None,None,None,None,None,1,14
258,66686,629,174270,None,None,258,67086,None,None,None,None,None,None,None,None,1,131
273,66686,None,None,None,None,None,None,None,None,None,None,None,None,None,None,2,4499
273,66686,874,174270,273,67086,273,675,None,None,None,None,None,None,None,None,1,1
320,675,None,None,None,None,None,None,None,None,None,None,None,None,None,None,1,13
372,675,None,None,None,None,None,None,None,None,None,None,None,None,None,None,1,27
43,5110,None,None,43,675,43,66686,43,67086,None,None,None,None,None,None,1,12
464,675,874,174270,464,67086,None,None,None,None,None,None,None,None,None,None,1,13
43,675,111,174270,43,66686,43,67086,43,1025,None,None,None,None,None,None,1,23
45,675,629,174270,None,None,45,52941,45,52740,None,None,None,None,None,None,2,99
45,675,8,174270,45,53139,45,52941,45,52740,None,None,None,None,None,None,1,3
410,675,93,174270,None,None,None,None,None,None,None,None,None,None,None,None,2,14
43,675,372,174270,43,66686,43,67086,43,1025,None,None,None,None,None,None,1,27
464,675,874,174270,464,67086,464,66686,None,None,None,None,None,None,None,None,3,173
478,675,None,None,478,5330,478,66686,478,67086,None,None,None,None,None,None,1,5
478,675,811,174270,478,9840,478,1025,None,None,None,None,None,None,None,None,1,20
478,66686,589,174270,None,None,None,None,None,None,None,None,None,None,None,None,1,39
478,66686,811,174270,478,1025,478,67086,478,675,None,None,None,None,None,None,1,62
258,66686,629,174270,258,67086,258,675,None,None,None,None,None,None,None,None,1,114
335,67086,629,174270,None,None,335,66686,None,None,None,None,None,None,None,None,1,18
410,5110,None,None,None,None,None,None,None,None,None,None,None,None,None,None,1,10
410,9820,207,174270,410,67086,410,66686,None,None,None,None,None,None,None,None,1,38
410,66686,232,174270,410,67086,410,9820,None,None,None,None,None,None,None,None,1,185
273,66686,629,174270,None,None,273,67086,None,None,None,None,None,None,None,None,1,82
258,66686,8,174270,None,None,258,67086,None,None,None,None,None,None,None,None,2,58
258,66686,811,174270,None,None,258,67086,None,None,None,None,None,None,None,None,1,95
273,66686,629,174270,273,1025,273,67086,273,675,None,None,None,None,None,None,1,122
273,66686,372,174270,273,1025,273,67086,None,None,None,None,None,None,None,None,1,701
45,675,466,174270,45,52941,None,None,45,53139,None,None,None,None,None,None,1,91
45,675,None,None,45,52941,45,53139,None,None,None,None,None,None,None,None,1,3
403,675,466,174270,403,66686,403,67086,None,None,None,None,None,None,None,None,1,15
252,675,811,174270,None,None,252,53141,None,None,None,None,None,None,None,None,1,11
388,66686,207,174270,388,67086,None,None,None,None,None,None,None,None,None,None,1,53
410,675,589,174270,410,67086,410,66686,None,None,None,None,None,None,None,None,1,30
258,675,8,174270,258,66686,258,67086,None,None,None,None,None,None,None,None,1,28
464,5110,None,None,464,675,464,66686,464,67086,None,None,None,None,None,None,1,13
372,675,811,174270,372,67086,372,1025,None,None,None,None,None,None,None,None,1,17
464,675,589,174270,464,67086,464,66686,None,None,None,None,None,None,None,None,1,8
45,675,629,174270,45,53139,45,52941,None,None,None,None,None,None,None,None,2,48
273,675,None,None,273,5330,None,None,None,None,None,None,None,None,None,None,1,6
273,675,372,174270,None,None,None,None,None,None,None,None,None,None,None,None,1,179
403,675,629,174270,403,66686,403,67086,None,None,None,None,None,None,None,None,1,24
403,675,466,174270,None,None,None,None,None,None,None,None,None,None,None,None,1,24
273,66686,629,174270,273,1025,273,675,273,67086,None,None,None,None,None,None,1,145
273,66686,372,174270,273,1025,273,675,273,67086,None,None,None,None,None,None,1,599
410,675,93,174270,410,67086,410,66686,None,None,None,None,None,None,None,None,1,25
440,675,None,None,440,66686,440,67086,440,5330,None,None,None,None,None,None,1,6
76,67086,207,174270,76,9840,76,66686,None,None,None,None,None,None,None,None,1,145
76,67086,207,174270,76,1025,76,675,76,66686,None,None,None,None,None,None,1,27
76,67086,629,174270,76,675,76,1025,76,66686,None,None,None,None,None,None,1,1379
76,67086,None,None,76,675,76,1025,76,5330,None,None,None,None,None,None,1,8
76,67086,8,174270,76,1025,76,675,76,66686,None,None,None,None,None,None,1,26
410,67086,466,174270,410,9820,410,66686,None,None,None,None,None,None,None,None,1,72
410,67086,93,174270,410,675,None,None,None,None,None,None,None,None,None,None,2,114
273,66686,372,174270,273,1025,273,67086,273,675,None,None,None,None,None,None,2,10896
273,66686,589,174270,273,1025,273,67086,273,675,None,None,None,None,None,None,1,91
273,66686,811,174270,273,9840,273,67086,None,None,None,None,None,None,None,None,2,304
273,66686,372,174270,273,67086,273,9840,None,None,None,None,None,None,None,None,1,174
76,67086,629,174270,76,66686,76,9840,None,None,None,None,None,None,None,None,2,1674
76,67086,8,174270,76,66686,76,9840,None,None,None,None,None,None,None,None,1,227
410,67086,None,None,410,675,410,5330,None,None,None,None,None,None,None,None,1,4
76,67086,None,None,76,1025,76,5330,76,66686,None,None,None,None,None,None,1,3
76,67086,93,174270,76,66686,76,1025,76,675,None,None,None,None,None,None,1,12
76,67086,None,None,76,5330,76,9840,None,None,None,None,None,None,None,None,1,3
76,67086,93,174270,76,1025,76,675,76,66686,None,None,None,None,None,None,1,51
381,67086,811,174270,381,1025,381,66686,381,675,None,None,None,None,None,None,1,9
76,67086,8,174270,76,66686,76,1025,76,675,None,None,None,None,None,None,1,211
76,67086,629,174270,76,1025,76,66686,None,None,None,None,None,None,None,None,1,1070
273,66686,372,174270,273,9840,None,None,None,None,None,None,None,None,None,None,2,1409
273,66686,874,174270,273,9840,None,None,None,None,None,None,None,None,None,None,1,47
273,66686,811,174270,273,9840,None,None,None,None,None,None,None,None,None,None,1,80
