grid_lat,grid_lon,total_sample,mw_sample,mw_ratio,sub6_sample,sub6_ratio,5g_sample,5g_ratio,lte_sample,lte_ratio,total_cs_sample,mw_cs_sample,mw_cs_ratio,sub6_cs_sample,sub6_cs_ratio,5g_cs_sample,5g_cs_sample,lte_cs_sample,lte_cs_ratio
-86.1675,39.761,9933,8210,0.826537803,96,0.009664754,8306,0.836202557,1627,0.163797443,36,7,0.194444444,4,0.111111111,11,0.305555556,25,0.694444444
-86.1675,39.7655,115,0,0,0,0,0,0,115,1,1,0,0,0,0,0,0,1,1
-86.1675,39.774,387,0,0,197,0.509043928,197,0.509043928,190,0.490956072,8,0,0,5,0.625,5,0.625,3,0.375
-86.1675,39.778,1528,0,0,788,0.515706806,788,0.515706806,740,0.484293194,70,0,0,32,0.457142857,32,0.457142857,38,0.542857143
-86.1675,39.7785,1862,0,0,955,0.512889366,955,0.512889366,907,0.487110634,87,0,0,43,0.494252874,43,0.494252874,44,0.505747126
-86.1675,39.779,1880,0,0,1049,0.557978723,1049,0.557978723,831,0.442021277,59,0,0,34,0.576271186,34,0.576271186,25,0.423728814
-86.1675,39.7795,1754,0,0,1016,0.579247434,1016,0.579247434,738,0.420752566,60,0,0,35,0.583333333,35,0.583333333,25,0.416666667
-86.1675,39.78,1934,0,0,993,0.51344364,993,0.51344364,941,0.48655636,67,0,0,29,0.432835821,29,0.432835821,38,0.567164179
-86.1675,39.7805,4115,0,0,650,0.157958688,650,0.157958688,3465,0.842041312,71,0,0,20,0.281690141,20,0.281690141,51,0.718309859
-86.167,39.761,5488,620,0.112973761,1255,0.228680758,1875,0.341654519,3613,0.658345481,102,12,0.117647059,22,0.215686275,34,0.333333333,68,0.666666667
-86.167,39.7615,20070,2003,0.099800698,5008,0.249526657,7011,0.349327354,13059,0.650672646,129,19,0.147286822,27,0.209302326,46,0.356589147,83,0.643410853
-86.167,39.762,610,0,0,211,0.345901639,211,0.345901639,399,0.654098361,12,0,0,5,0.416666667,5,0.416666667,7,0.583333333
-86.167,39.7625,435,0,0,103,0.236781609,103,0.236781609,332,0.763218391,15,0,0,6,0.4,6,0.4,9,0.6
-86.167,39.763,421,0,0,52,0.123515439,52,0.123515439,369,0.876484561,22,0,0,3,0.136363636,3,0.136363636,19,0.863636364
-86.167,39.7635,530,0,0,38,0.071698113,38,0.071698113,492,0.928301887,12,0,0,1,0.083333333,1,0.083333333,11,0.916666667
-86.167,39.764,3165,0,0,217,0.068562401,217,0.068562401,2948,0.931437599,25,0,0,5,0.2,5,0.2,20,0.8
-86.167,39.7645,721,0,0,43,0.05963939,43,0.05963939,678,0.94036061,23,0,0,3,0.130434783,3,0.130434783,20,0.869565217
-86.167,39.765,1898,0,0,0,0,0,0,1898,1,16,0,0,0,0,0,0,16,1
-86.167,39.7655,1749,0,0,0,0,0,0,1749,1,30,0,0,0,0,0,0,30,1
-86.167,39.766,7086,424,0.059836297,24,0.00338696,448,0.063223257,6638,0.936776743,59,16,0.271186441,2,0.033898305,18,0.305084746,41,0.694915254
-86.167,39.7665,1306,709,0.54287902,35,0.026799387,744,0.569678407,562,0.430321593,36,13,0.361111111,1,0.027777778,14,0.388888889,22,0.611111111
-86.167,39.767,2274,880,0.386983289,562,0.247141601,1442,0.63412489,832,0.36587511,44,22,0.5,1,0.022727273,23,0.522727273,21,0.477272727
-86.167,39.7675,1010,245,0.242574257,3,0.002970297,248,0.245544554,762,0.754455446,26,9,0.346153846,1,0.038461538,10,0.384615385,16,0.615384615
-86.167,39.771,806,299,0.370967742,23,0.02853598,322,0.399503722,484,0.600496278,23,6,0.260869565,1,0.043478261,7,0.304347826,16,0.695652174
-86.167,39.772,537,0,0,116,0.216014898,116,0.216014898,421,0.783985102,8,0,0,1,0.125,1,0.125,7,0.875
-86.167,39.773,313,0,0,305,0.974440895,305,0.974440895,8,0.025559105,2,0,0,1,0.5,1,0.5,1,0.5
-86.167,39.774,2546,0,0,1585,0.622545169,1585,0.622545169,961,0.377454831,11,0,0,6,0.545454545,6,0.545454545,5,0.454545455
-86.167,39.7765,570,0,0,279,0.489473684,279,0.489473684,291,0.510526316,19,0,0,11,0.578947368,11,0.578947368,8,0.421052632
-86.167,39.777,1630,0,0,692,0.424539877,692,0.424539877,938,0.575460123,53,0,0,23,0.433962264,23,0.433962264,30,0.566037736
-86.167,39.7775,4841,0,0,1021,0.210906837,1021,0.210906837,3820,0.789093163,69,0,0,27,0.391304348,27,0.391304348,42,0.608695652
-86.167,39.778,5861,0,0,1887,0.32195871,1887,0.32195871,3974,0.67804129,49,0,0,20,0.408163265,20,0.408163265,29,0.591836735
-86.167,39.7805,639,0,0,272,0.425665102,272,0.425665102,367,0.574334898,22,0,0,11,0.5,11,0.5,11,0.5
-86.1665,39.7615,7489,260,0.034717586,1384,0.18480438,1644,0.219521966,5845,0.780478034,68,5,0.073529412,15,0.220588235,20,0.294117647,48,0.705882353
-86.1665,39.7635,677,0,0,138,0.203840473,138,0.203840473,539,0.796159527,29,0,0,9,0.310344828,9,0.310344828,20,0.689655172
-86.1665,39.764,556,0,0,186,0.334532374,186,0.334532374,370,0.665467626,25,0,0,7,0.28,7,0.28,18,0.72
-86.1665,39.7655,851,0,0,31,0.036427732,31,0.036427732,820,0.963572268,16,0,0,1,0.0625,1,0.0625,15,0.9375
-86.1665,39.767,4304,3547,0.8241171,0,0,3547,0.8241171,757,0.1758829,84,48,0.571428571,0,0,48,0.571428571,36,0.428571429
-86.1665,39.7675,1129,788,0.697962799,0,0,788,0.697962799,341,0.302037201,56,30,0.535714286,0,0,30,0.535714286,26,0.464285714
-86.1665,39.768,1447,1093,0.755355909,0,0,1093,0.755355909,354,0.244644091,56,35,0.625,0,0,35,0.625,21,0.375
-86.1665,39.769,1645,910,0.553191489,0,0,910,0.553191489,735,0.446808511,61,34,0.557377049,0,0,34,0.557377049,27,0.442622951
-86.1665,39.7695,3165,2210,0.698262243,0,0,2210,0.698262243,955,0.301737757,63,34,0.53968254,0,0,34,0.53968254,29,0.46031746
-86.1665,39.771,3239,1771,0.546773696,13,0.004013584,1784,0.55078728,1455,0.44921272,37,15,0.405405405,1,0.027027027,16,0.432432432,21,0.567567568
-86.1665,39.7715,20550,6957,0.338540146,546,0.026569343,7503,0.365109489,13047,0.634890511,158,31,0.196202532,19,0.120253165,50,0.316455696,108,0.683544304
-86.1665,39.772,5125,83,0.016195122,98,0.019121951,181,0.035317073,4944,0.964682927,112,5,0.044642857,5,0.044642857,10,0.089285714,102,0.910714286
-86.1665,39.7725,4672,0,0,114,0.024400685,114,0.024400685,4558,0.975599315,107,0,0,6,0.056074766,6,0.056074766,101,0.943925234
-86.1665,39.773,8207,0,0,1426,0.173754112,1426,0.173754112,6781,0.826245888,126,0,0,31,0.246031746,31,0.246031746,95,0.753968254
-86.1665,39.7735,4541,24,0.005285179,1341,0.295309403,1365,0.300594583,3176,0.699405417,67,1,0.014925373,19,0.28358209,20,0.298507463,47,0.701492537
-86.1665,39.774,14819,17,0.001147176,6672,0.450232809,6689,0.451379985,8130,0.548620015,157,2,0.012738854,67,0.426751592,69,0.439490446,88,0.560509554
-86.1665,39.7745,9260,0,0,3129,0.337904968,3129,0.337904968,6131,0.662095032,98,0,0,41,0.418367347,41,0.418367347,57,0.581632653
-86.1665,39.775,11252,0,0,4418,0.392641308,4418,0.392641308,6834,0.607358692,78,0,0,36,0.461538462,36,0.461538462,42,0.538461538
-86.1665,39.7755,4874,0,0,2695,0.552933935,2695,0.552933935,2179,0.447066065,62,0,0,27,0.435483871,27,0.435483871,35,0.564516129
-86.1665,39.776,3113,0,0,1291,0.414712496,1291,0.414712496,1822,0.585287504,58,0,0,23,0.396551724,23,0.396551724,35,0.603448276
-86.1665,39.7765,2173,0,0,767,0.352968247,767,0.352968247,1406,0.647031753,58,0,0,23,0.396551724,23,0.396551724,35,0.603448276
-86.1665,39.777,1100,0,0,397,0.360909091,397,0.360909091,703,0.639090909,33,0,0,12,0.363636364,12,0.363636364,21,0.636363636
-86.1665,39.778,1543,0,0,531,0.344134802,531,0.344134802,1012,0.655865198,26,0,0,8,0.307692308,8,0.307692308,18,0.692307692
-86.1665,39.7805,545,0,0,218,0.4,218,0.4,327,0.6,31,0,0,9,0.290322581,9,0.290322581,22,0.709677419
-86.166,39.7615,4507,109,0.024184602,823,0.182604837,932,0.206789439,3575,0.793210561,60,3,0.05,13,0.216666667,16,0.266666667,44,0.733333333
-86.166,39.763,751,0,0,149,0.19840213,149,0.19840213,602,0.80159787,31,0,0,7,0.225806452,7,0.225806452,24,0.774193548
-86.166,39.7655,759,0,0,44,0.057971014,44,0.057971014,715,0.942028986,14,0,0,1,0.071428571,1,0.071428571,13,0.928571429
-86.166,39.767,1504,1213,0.806515957,0,0,1213,0.806515957,291,0.193484043,35,21,0.6,0,0,21,0.6,14,0.4
-86.166,39.77,1355,820,0.605166052,0,0,820,0.605166052,535,0.394833948,78,36,0.461538462,0,0,36,0.461538462,42,0.538461538
-86.166,39.774,9857,0,0,5039,0.511210307,5039,0.511210307,4818,0.488789693,102,0,0,43,0.421568627,43,0.421568627,59,0.578431373
-86.166,39.775,270,0,0,270,1,270,1,0,0,5,0,0,5,1,5,1,0,0
-86.166,39.7755,78,0,0,78,1,78,1,0,0,2,0,0,2,1,2,1,0,0
-86.166,39.776,60,0,0,60,1,60,1,0,0,1,0,0,1,1,1,1,0,0
-86.166,39.778,2472,0,0,964,0.389967638,964,0.389967638,1508,0.610032362,31,0,0,9,0.290322581,9,0.290322581,22,0.709677419
-86.166,39.7805,536,0,0,40,0.074626866,40,0.074626866,496,0.925373134,25,0,0,5,0.2,5,0.2,20,0.8
-86.1655,39.761,18012,7464,0.414390406,579,0.032145237,8043,0.446535643,9969,0.553464357,242,100,0.41322314,17,0.070247934,117,0.483471074,125,0.516528926
-86.1655,39.7615,8592,721,0.08391527,1316,0.153165736,2037,0.237081006,6555,0.762918994,210,27,0.128571429,28,0.133333333,55,0.261904762,155,0.738095238
-86.1655,39.762,743,1,0.001345895,205,0.275908479,206,0.277254374,537,0.722745626,21,1,0.047619048,6,0.285714286,7,0.333333333,14,0.666666667
-86.1655,39.7625,761,0,0,200,0.262812089,200,0.262812089,561,0.737187911,27,0,0,7,0.259259259,7,0.259259259,20,0.740740741
-86.1655,39.7655,1055,0,0,55,0.052132701,55,0.052132701,1000,0.947867299,30,0,0,1,0.033333333,1,0.033333333,29,0.966666667
-86.1655,39.767,972,667,0.686213992,0,0,667,0.686213992,305,0.313786008,26,14,0.538461538,0,0,14,0.538461538,12,0.461538462
-86.1655,39.77,1215,101,0.083127572,0,0,101,0.083127572,1114,0.916872428,41,8,0.195121951,0,0,8,0.195121951,33,0.804878049
-86.1655,39.774,4211,0,0,2757,0.654713845,2757,0.654713845,1454,0.345286155,75,0,0,32,0.426666667,32,0.426666667,43,0.573333333
-86.1655,39.7745,712,0,0,629,0.883426966,629,0.883426966,83,0.116573034,9,0,0,6,0.666666667,6,0.666666667,3,0.333333333
-86.1655,39.778,1280,0,0,440,0.34375,440,0.34375,840,0.65625,28,0,0,9,0.321428571,9,0.321428571,19,0.678571429
-86.1655,39.7805,545,0,0,58,0.106422018,58,0.106422018,487,0.893577982,22,0,0,3,0.136363636,3,0.136363636,19,0.863636364
-86.165,39.761,880,723,0.821590909,0,0,723,0.821590909,157,0.178409091,25,13,0.52,0,0,13,0.52,12,0.48
-86.165,39.7615,8950,588,0.065698324,287,0.032067039,875,0.097765363,8075,0.902234637,86,19,0.220930233,3,0.034883721,22,0.255813953,64,0.744186047
-86.165,39.7655,693,0,0,49,0.070707071,49,0.070707071,644,0.929292929,18,0,0,2,0.111111111,2,0.111111111,16,0.888888889
-86.165,39.767,3420,2048,0.598830409,284,0.083040936,2332,0.681871345,1088,0.318128655,41,14,0.341463415,3,0.073170732,17,0.414634146,24,0.585365854
-86.165,39.77,1238,165,0.133279483,0,0,165,0.133279483,1073,0.866720517,55,7,0.127272727,0,0,7,0.127272727,48,0.872727273
-86.165,39.774,2383,0,0,1064,0.446496013,1064,0.446496013,1319,0.553503987,44,0,0,24,0.545454545,24,0.545454545,20,0.454545455
-86.165,39.778,1243,0,0,445,0.358004827,445,0.358004827,798,0.641995173,27,0,0,9,0.333333333,9,0.333333333,18,0.666666667
-86.165,39.7805,445,0,0,60,0.134831461,60,0.134831461,385,0.865168539,20,0,0,6,0.3,6,0.3,14,0.7
-86.1645,39.7615,2275,0,0,171,0.075164835,171,0.075164835,2104,0.924835165,34,0,0,5,0.147058824,5,0.147058824,29,0.852941176
-86.1645,39.7655,648,0,0,15,0.023148148,15,0.023148148,633,0.976851852,14,0,0,1,0.071428571,1,0.071428571,13,0.928571429
-86.1645,39.767,1561,485,0.31069827,535,0.34272902,1020,0.65342729,541,0.34657271,39,13,0.333333333,5,0.128205128,18,0.461538462,21,0.538461538
-86.1645,39.771,712,2,0.002808989,0,0,2,0.002808989,710,0.997191011,17,2,0.117647059,0,0,2,0.117647059,15,0.882352941
-86.1645,39.774,8229,0,0,2806,0.340989185,2806,0.340989185,5423,0.659010815,55,0,0,33,0.6,33,0.6,22,0.4
-86.1645,39.778,1274,0,0,459,0.360282575,459,0.360282575,815,0.639717425,26,0,0,9,0.346153846,9,0.346153846,17,0.653846154
-86.164,39.7615,40746,68,0.001668875,27763,0.681367496,27831,0.683036372,12915,0.316963628,274,3,0.010948905,87,0.317518248,90,0.328467153,184,0.671532847
-86.164,39.767,1075,307,0.285581395,156,0.145116279,463,0.430697674,612,0.569302326,42,13,0.30952381,6,0.142857143,19,0.452380952,23,0.547619048
-86.164,39.77,2906,1263,0.434618032,21,0.007226428,1284,0.44184446,1622,0.55815554,63,19,0.301587302,6,0.095238095,25,0.396825397,38,0.603174603
-86.164,39.771,1020,0,0,0,0,0,0,1020,1,12,0,0,0,0,0,0,12,1
-86.164,39.7715,70,0,0,0,0,0,0,70,1,2,0,0,0,0,0,0,2,1
-86.164,39.7735,70,0,0,2,0.028571429,2,0.028571429,68,0.971428571,4,0,0,1,0.25,1,0.25,3,0.75
-86.164,39.774,5881,0,0,2482,0.422037069,2482,0.422037069,3399,0.577962931,45,0,0,25,0.555555556,25,0.555555556,20,0.444444444
-86.164,39.778,1547,0,0,554,0.358112476,554,0.358112476,993,0.641887524,26,0,0,9,0.346153846,9,0.346153846,17,0.653846154
-86.1635,39.7615,1831,60,0.032768979,85,0.04642272,145,0.079191699,1686,0.920808301,69,2,0.028985507,4,0.057971014,6,0.086956522,63,0.913043478
-86.1635,39.767,1769,192,0.108535896,163,0.092142453,355,0.200678349,1414,0.799321651,56,9,0.160714286,8,0.142857143,17,0.303571429,39,0.696428571
-86.1635,39.7695,4264,4071,0.954737336,0,0,4071,0.954737336,193,0.045262664,28,15,0.535714286,0,0,15,0.535714286,13,0.464285714
-86.1635,39.77,11491,9948,0.865720999,9,0.000783222,9957,0.866504221,1534,0.133495779,142,60,0.422535211,3,0.021126761,63,0.443661972,79,0.556338028
-86.1635,39.771,5808,0,0,2062,0.355027548,2062,0.355027548,3746,0.644972452,25,0,0,6,0.24,6,0.24,19,0.76
-86.1635,39.7715,196,0,0,0,0,0,0,196,1,1,0,0,0,0,0,0,1,1
-86.1635,39.774,3706,0,0,2483,0.669994603,2483,0.669994603,1223,0.330005397,45,0,0,23,0.511111111,23,0.511111111,22,0.488888889
-86.1635,39.778,10214,0,0,5751,0.563050715,5751,0.563050715,4463,0.436949285,39,0,0,18,0.461538462,18,0.461538462,21,0.538461538
-86.1635,39.7805,118,0,0,5,0.042372881,5,0.042372881,113,0.957627119,3,0,0,1,0.333333333,1,0.333333333,2,0.666666667
-86.163,39.7615,5324,59,0.011081893,0,0,59,0.011081893,5265,0.988918107,63,2,0.031746032,0,0,2,0.031746032,61,0.968253968
-86.163,39.7655,1236,0,0,53,0.042880259,53,0.042880259,1183,0.957119741,19,0,0,2,0.105263158,2,0.105263158,17,0.894736842
-86.163,39.767,3129,246,0.078619367,174,0.055608821,420,0.134228188,2709,0.865771812,70,5,0.071428571,6,0.085714286,11,0.157142857,59,0.842857143
-86.163,39.7675,278,0,0,263,0.946043165,263,0.946043165,15,0.053956835,4,0,0,2,0.5,2,0.5,2,0.5
-86.163,39.768,457,13,0.028446389,172,0.376367615,185,0.404814004,272,0.595185996,3,1,0.333333333,1,0.333333333,2,0.666666667,1,0.333333333
-86.163,39.7685,439,0,0,0,0,0,0,439,1,2,0,0,0,0,0,0,2,1
-86.163,39.769,418,0,0,0,0,0,0,418,1,2,0,0,0,0,0,0,2,1
-86.163,39.7695,4273,1485,0.347531009,6,0.001404166,1491,0.348935174,2782,0.651064826,78,21,0.269230769,2,0.025641026,23,0.294871795,55,0.705128205
-86.163,39.77,21145,16238,0.767935682,2062,0.097517144,18300,0.865452826,2845,0.134547174,131,46,0.351145038,8,0.061068702,54,0.41221374,77,0.58778626
-86.163,39.7705,5423,2309,0.425779089,1008,0.185874977,3317,0.611654066,2106,0.388345934,78,26,0.333333333,6,0.076923077,32,0.41025641,46,0.58974359
-86.163,39.771,13299,852,0.064064967,3790,0.284983833,4642,0.349048801,8657,0.650951199,91,12,0.131868132,12,0.131868132,24,0.263736264,67,0.736263736
-86.163,39.7715,28104,4614,0.164175918,93,0.003309137,4707,0.167485056,23397,0.832514944,94,15,0.159574468,4,0.042553191,19,0.20212766,75,0.79787234
-86.163,39.772,6331,749,0.118306745,34,0.0053704,783,0.123677144,5548,0.876322856,140,21,0.15,1,0.007142857,22,0.157142857,118,0.842857143
-86.163,39.7725,24172,7907,0.327114016,132,0.005460864,8039,0.33257488,16133,0.66742512,121,40,0.330578512,7,0.05785124,47,0.388429752,74,0.611570248
-86.163,39.773,6196,1712,0.276307295,1,0.000161394,1713,0.276468689,4483,0.723531311,21,8,0.380952381,1,0.047619048,9,0.428571429,12,0.571428571
-86.163,39.7735,2059,104,0.050509956,0,0,104,0.050509956,1955,0.949490044,20,5,0.25,0,0,5,0.25,15,0.75
-86.163,39.774,8608,0,0,2783,0.323303903,2783,0.323303903,5825,0.676696097,141,0,0,52,0.368794326,52,0.368794326,89,0.631205674
-86.163,39.7745,3939,0,0,1594,0.404671236,1594,0.404671236,2345,0.595328764,96,0,0,35,0.364583333,35,0.364583333,61,0.635416667
-86.163,39.775,5322,0,0,1286,0.241638482,1286,0.241638482,4036,0.758361518,76,0,0,29,0.381578947,29,0.381578947,47,0.618421053
-86.163,39.7755,12533,0,0,5504,0.439160616,5504,0.439160616,7029,0.560839384,101,0,0,44,0.435643564,44,0.435643564,57,0.564356436
-86.163,39.776,3362,0,0,1276,0.37953599,1276,0.37953599,2086,0.62046401,57,0,0,24,0.421052632,24,0.421052632,33,0.578947368
-86.163,39.7765,2811,0,0,1194,0.424759872,1194,0.424759872,1617,0.575240128,61,0,0,28,0.459016393,28,0.459016393,33,0.540983607
-86.163,39.777,3197,0,0,1078,0.337191117,1078,0.337191117,2119,0.662808883,68,0,0,29,0.426470588,29,0.426470588,39,0.573529412
-86.163,39.7775,5508,0,0,2388,0.433551198,2388,0.433551198,3120,0.566448802,71,0,0,27,0.38028169,27,0.38028169,44,0.61971831
-86.163,39.778,22652,0,0,11723,0.517526046,11723,0.517526046,10929,0.482473954,91,0,0,44,0.483516484,44,0.483516484,47,0.516483516
-86.163,39.7785,709,0,0,279,0.393511989,279,0.393511989,430,0.606488011,18,0,0,8,0.444444444,8,0.444444444,10,0.555555556
-86.163,39.779,608,0,0,154,0.253289474,154,0.253289474,454,0.746710526,34,0,0,12,0.352941176,12,0.352941176,22,0.647058824
-86.163,39.7795,593,0,0,126,0.212478921,126,0.212478921,467,0.787521079,29,0,0,7,0.24137931,7,0.24137931,22,0.75862069
-86.163,39.78,528,0,0,96,0.181818182,96,0.181818182,432,0.818181818,13,0,0,3,0.230769231,3,0.230769231,10,0.769230769
-86.163,39.7805,709,0,0,72,0.101551481,72,0.101551481,637,0.898448519,8,0,0,1,0.125,1,0.125,7,0.875
-86.1625,39.761,552,13,0.023550725,0,0,13,0.023550725,539,0.976449275,23,1,0.043478261,0,0,1,0.043478261,22,0.956521739
-86.1625,39.7615,1466,77,0.052523874,0,0,77,0.052523874,1389,0.947476126,49,5,0.102040816,0,0,5,0.102040816,44,0.897959184
-86.1625,39.7655,1135,0,0,102,0.089867841,102,0.089867841,1033,0.910132159,17,0,0,4,0.235294118,4,0.235294118,13,0.764705882
-86.1625,39.767,2691,193,0.07172055,159,0.059085842,352,0.130806392,2339,0.869193608,76,12,0.157894737,4,0.052631579,16,0.210526316,60,0.789473684
-86.1625,39.7675,310,0,0,300,0.967741935,300,0.967741935,10,0.032258065,3,0,0,1,0.333333333,1,0.333333333,2,0.666666667
-86.1625,39.7695,2935,458,0.1560477,11,0.003747871,469,0.159795571,2466,0.840204429,89,26,0.292134831,3,0.033707865,29,0.325842697,60,0.674157303
-86.1625,39.77,2667,477,0.178852643,1002,0.375703037,1479,0.554555681,1188,0.445444319,106,35,0.330188679,9,0.08490566,44,0.41509434,62,0.58490566
-86.1625,39.771,4099,0,0,1006,0.245425714,1006,0.245425714,3093,0.754574286,37,0,0,7,0.189189189,7,0.189189189,30,0.810810811
-86.1625,39.7725,7358,1009,0.137129655,409,0.055585757,1418,0.192715412,5940,0.807284588,29,6,0.206896552,7,0.24137931,13,0.448275862,16,0.551724138
-86.1625,39.774,901,0,0,400,0.443951165,400,0.443951165,501,0.556048835,43,0,0,15,0.348837209,15,0.348837209,28,0.651162791
-86.1625,39.7755,665,0,0,214,0.321804511,214,0.321804511,451,0.678195489,18,0,0,5,0.277777778,5,0.277777778,13,0.722222222
-86.1625,39.778,5764,0,0,2471,0.42869535,2471,0.42869535,3293,0.57130465,51,0,0,26,0.509803922,26,0.509803922,25,0.490196078
-86.1625,39.7805,261,0,0,0,0,0,0,261,1,6,0,0,0,0,0,0,6,1
-86.162,39.761,5571,14,0.002513014,0,0,14,0.002513014,5557,0.997486986,52,2,0.038461538,0,0,2,0.038461538,50,0.961538462
-86.162,39.7615,3779,957,0.253241598,0,0,957,0.253241598,2822,0.746758402,64,18,0.28125,0,0,18,0.28125,46,0.71875
-86.162,39.7655,1837,0,0,82,0.044637997,82,0.044637997,1755,0.955362003,16,0,0,2,0.125,2,0.125,14,0.875
-86.162,39.767,6168,911,0.147697795,291,0.047178988,1202,0.194876783,4966,0.805123217,61,19,0.31147541,8,0.131147541,27,0.442622951,34,0.557377049
-86.162,39.7675,345,172,0.498550725,148,0.428985507,320,0.927536232,25,0.072463768,5,1,0.2,2,0.4,3,0.6,2,0.4
-86.162,39.768,374,0,0,344,0.919786096,344,0.919786096,30,0.080213904,3,0,0,2,0.666666667,2,0.666666667,1,0.333333333
-86.162,39.7695,3345,993,0.296860987,136,0.040657698,1129,0.337518685,2216,0.662481315,80,19,0.2375,6,0.075,25,0.3125,55,0.6875
-86.162,39.77,4465,1267,0.283762598,1868,0.418365062,3135,0.70212766,1330,0.29787234,77,19,0.246753247,13,0.168831169,32,0.415584416,45,0.584415584
-86.162,39.771,7072,0,0,1599,0.226102941,1599,0.226102941,5473,0.773897059,159,0,0,42,0.264150943,42,0.264150943,117,0.735849057
-86.162,39.7725,1429,73,0.051084675,260,0.181945416,333,0.233030091,1096,0.766969909,22,2,0.090909091,6,0.272727273,8,0.363636364,14,0.636363636
-86.162,39.774,905,0,0,389,0.429834254,389,0.429834254,516,0.570165746,42,0,0,15,0.357142857,15,0.357142857,27,0.642857143
-86.162,39.7755,528,0,0,245,0.464015152,245,0.464015152,283,0.535984848,16,0,0,8,0.5,8,0.5,8,0.5
-86.162,39.778,2267,0,0,978,0.431407146,978,0.431407146,1289,0.568592854,38,0,0,22,0.578947368,22,0.578947368,16,0.421052632
-86.1615,39.761,9054,4311,0.476143141,0,0,4311,0.476143141,4743,0.523856859,182,77,0.423076923,0,0,77,0.423076923,105,0.576923077
-86.1615,39.7615,24860,14088,0.566693484,0,0,14088,0.566693484,10772,0.433306516,249,110,0.441767068,0,0,110,0.441767068,139,0.558232932
-86.1615,39.762,3274,877,0.267868051,0,0,877,0.267868051,2397,0.732131949,87,27,0.310344828,0,0,27,0.310344828,60,0.689655172
-86.1615,39.7625,1526,1016,0.665792923,0,0,1016,0.665792923,510,0.334207077,40,24,0.6,0,0,24,0.6,16,0.4
-86.1615,39.763,1538,979,0.636540962,2,0.00130039,981,0.637841352,557,0.362158648,87,45,0.517241379,1,0.011494253,46,0.528735632,41,0.471264368
-86.1615,39.7635,1929,1447,0.750129601,0,0,1447,0.750129601,482,0.249870399,24,13,0.541666667,0,0,13,0.541666667,11,0.458333333
-86.1615,39.764,6430,4142,0.644167963,0,0,4142,0.644167963,2288,0.355832037,52,25,0.480769231,0,0,25,0.480769231,27,0.519230769
-86.1615,39.7645,2909,1352,0.464764524,0,0,1352,0.464764524,1557,0.535235476,57,24,0.421052632,0,0,24,0.421052632,33,0.578947368
-86.1615,39.765,2269,472,0.208021155,0,0,472,0.208021155,1797,0.791978845,74,13,0.175675676,0,0,13,0.175675676,61,0.824324324
-86.1615,39.7655,12925,649,0.050212766,3724,0.288123791,4373,0.338336557,8552,0.661663443,113,8,0.07079646,12,0.10619469,20,0.17699115,93,0.82300885
-86.1615,39.766,5832,28,0.004801097,1569,0.269032922,1597,0.273834019,4235,0.726165981,88,1,0.011363636,28,0.318181818,29,0.329545455,59,0.670454545
-86.1615,39.7665,4696,1121,0.238713799,379,0.080706985,1500,0.319420784,3196,0.680579216,205,46,0.224390244,23,0.112195122,69,0.336585366,136,0.663414634
-86.1615,39.767,20538,9862,0.480183075,479,0.023322621,10341,0.503505697,10197,0.496494303,214,77,0.359813084,6,0.028037383,83,0.387850467,131,0.612149533
-86.1615,39.7675,7200,2550,0.354166667,2,0.000277778,2552,0.354444444,4648,0.645555556,63,24,0.380952381,1,0.015873016,25,0.396825397,38,0.603174603
-86.1615,39.768,40356,14232,0.352661314,12201,0.302334225,26433,0.65499554,13923,0.34500446,227,57,0.251101322,31,0.136563877,88,0.387665198,139,0.612334802
-86.1615,39.7685,6512,3903,0.599355037,36,0.005528256,3939,0.604883292,2573,0.395116708,82,40,0.487804878,2,0.024390244,42,0.512195122,40,0.487804878
-86.1615,39.769,6144,3660,0.595703125,86,0.013997396,3746,0.609700521,2398,0.390299479,120,56,0.466666667,5,0.041666667,61,0.508333333,59,0.491666667
-86.1615,39.7695,19127,13363,0.698645893,331,0.01730538,13694,0.715951273,5433,0.284048727,193,71,0.367875648,25,0.129533679,96,0.497409326,97,0.502590674
-86.1615,39.77,12671,5192,0.409754558,4651,0.367058638,9843,0.776813195,2828,0.223186805,138,41,0.297101449,30,0.217391304,71,0.514492754,67,0.485507246
-86.1615,39.7705,7998,4051,0.506501625,2146,0.268317079,6197,0.774818705,1801,0.225181295,138,28,0.202898551,34,0.246376812,62,0.449275362,76,0.550724638
-86.1615,39.771,36134,302,0.008357779,11273,0.311977639,11575,0.320335418,24559,0.679664582,275,1,0.003636364,104,0.378181818,105,0.381818182,170,0.618181818
-86.1615,39.7715,17806,0,0,10542,0.592047624,10542,0.592047624,7264,0.407952376,154,0,0,71,0.461038961,71,0.461038961,83,0.538961039
-86.1615,39.772,23355,0,0,12708,0.544123314,12708,0.544123314,10647,0.455876686,228,0,0,87,0.381578947,87,0.381578947,141,0.618421053
-86.1615,39.7725,63694,17281,0.27131284,33146,0.520394386,50427,0.791707225,13267,0.208292775,313,31,0.099041534,84,0.268370607,115,0.367412141,198,0.632587859
-86.1615,39.773,1349,0,0,636,0.471460341,636,0.471460341,713,0.528539659,28,0,0,11,0.392857143,11,0.392857143,17,0.607142857
-86.1615,39.7735,208,0,0,6,0.028846154,6,0.028846154,202,0.971153846,8,0,0,1,0.125,1,0.125,7,0.875
-86.1615,39.774,1705,0,0,330,0.193548387,330,0.193548387,1375,0.806451613,65,0,0,17,0.261538462,17,0.261538462,48,0.738461538
-86.1615,39.7755,1528,0,0,291,0.190445026,291,0.190445026,1237,0.809554974,14,0,0,6,0.428571429,6,0.428571429,8,0.571428571
-86.1615,39.778,7667,0,0,2924,0.381374723,2924,0.381374723,4743,0.618625277,56,0,0,30,0.535714286,30,0.535714286,26,0.464285714
-86.161,39.761,2544,1046,0.411163522,0,0,1046,0.411163522,1498,0.588836478,87,41,0.471264368,0,0,41,0.471264368,46,0.528735632
-86.161,39.7615,10249,5685,0.554688262,48,0.004683384,5733,0.559371646,4516,0.440628354,518,262,0.505791506,4,0.007722008,266,0.513513514,252,0.486486486
-86.161,39.764,1189,603,0.507148865,0,0,603,0.507148865,586,0.492851135,35,13,0.371428571,0,0,13,0.371428571,22,0.628571429
-86.161,39.7655,21868,17510,0.800713371,1382,0.063197366,18892,0.863910737,2976,0.136089263,132,20,0.151515152,46,0.348484848,66,0.5,66,0.5
-86.161,39.766,59,0,0,59,1,59,1,0,0,2,0,0,2,1,2,1,0,0
-86.161,39.767,11474,8406,0.732612864,185,0.016123409,8591,0.748736273,2883,0.251263727,75,39,0.52,3,0.04,42,0.56,33,0.44
-86.161,39.7685,605,567,0.937190083,0,0,567,0.937190083,38,0.062809917,10,5,0.5,0,0,5,0.5,5,0.5
-86.161,39.769,223,218,0.977578475,2,0.00896861,220,0.986547085,3,0.013452915,5,3,0.6,1,0.2,4,0.8,1,0.2
-86.161,39.7695,18588,13713,0.737734022,77,0.004142457,13790,0.741876479,4798,0.258123521,240,116,0.483333333,6,0.025,122,0.508333333,118,0.491666667
-86.161,39.77,4494,2700,0.600801068,54,0.012016021,2754,0.612817089,1740,0.387182911,69,30,0.434782609,3,0.043478261,33,0.47826087,36,0.52173913
-86.161,39.7705,1108,867,0.782490975,0,0,867,0.782490975,241,0.217509025,8,4,0.5,0,0,4,0.5,4,0.5
-86.161,39.771,5931,191,0.032203676,1572,0.265048053,1763,0.297251728,4168,0.702748272,125,2,0.016,46,0.368,48,0.384,77,0.616
-86.161,39.7715,1600,0,0,751,0.469375,751,0.469375,849,0.530625,43,0,0,25,0.581395349,25,0.581395349,18,0.418604651
-86.161,39.772,911,0,0,382,0.419319429,382,0.419319429,529,0.580680571,43,0,0,20,0.465116279,20,0.465116279,23,0.534883721
-86.161,39.7725,16051,242,0.015076942,9779,0.60924553,10021,0.624322472,6030,0.375677528,224,6,0.026785714,84,0.375,90,0.401785714,134,0.598214286
-86.161,39.773,1256,0,0,579,0.460987261,579,0.460987261,677,0.539012739,25,0,0,14,0.56,14,0.56,11,0.44
-86.161,39.7735,1690,0,0,763,0.45147929,763,0.45147929,927,0.54852071,36,0,0,16,0.444444444,16,0.444444444,20,0.555555556
-86.161,39.774,11926,0,0,5835,0.489267147,5835,0.489267147,6091,0.510732853,98,0,0,37,0.37755102,37,0.37755102,61,0.62244898
-86.161,39.7745,2005,0,0,872,0.434912718,872,0.434912718,1133,0.565087282,36,0,0,12,0.333333333,12,0.333333333,24,0.666666667
-86.161,39.775,1654,0,0,607,0.366989117,607,0.366989117,1047,0.633010883,29,0,0,12,0.413793103,12,0.413793103,17,0.586206897
-86.161,39.7755,8428,0,0,2701,0.320479355,2701,0.320479355,5727,0.679520645,42,0,0,19,0.452380952,19,0.452380952,23,0.547619048
-86.161,39.776,882,0,0,461,0.522675737,461,0.522675737,421,0.477324263,21,0,0,11,0.523809524,11,0.523809524,10,0.476190476
-86.161,39.7765,2639,0,0,2318,0.878363016,2318,0.878363016,321,0.121636984,18,0,0,11,0.611111111,11,0.611111111,7,0.388888889
-86.161,39.777,1927,0,0,1174,0.609237156,1174,0.609237156,753,0.390762844,23,0,0,11,0.47826087,11,0.47826087,12,0.52173913
-86.161,39.7775,970,0,0,470,0.484536082,470,0.484536082,500,0.515463918,35,0,0,17,0.485714286,17,0.485714286,18,0.514285714
-86.161,39.778,13716,0,0,9354,0.681977253,9354,0.681977253,4362,0.318022747,141,0,0,63,0.446808511,63,0.446808511,78,0.553191489
-86.161,39.7785,427,0,0,312,0.730679157,312,0.730679157,115,0.269320843,16,0,0,7,0.4375,7,0.4375,9,0.5625
-86.161,39.779,361,0,0,103,0.28531856,103,0.28531856,258,0.71468144,12,0,0,4,0.333333333,4,0.333333333,8,0.666666667
-86.161,39.7795,341,0,0,82,0.240469208,82,0.240469208,259,0.759530792,9,0,0,3,0.333333333,3,0.333333333,6,0.666666667
-86.161,39.78,311,0,0,81,0.260450161,81,0.260450161,230,0.739549839,7,0,0,2,0.285714286,2,0.285714286,5,0.714285714
-86.161,39.7805,441,0,0,105,0.238095238,105,0.238095238,336,0.761904762,7,0,0,2,0.285714286,2,0.285714286,5,0.714285714
-86.1605,39.761,2663,1725,0.647765678,45,0.016898235,1770,0.664663913,893,0.335336087,129,62,0.480620155,2,0.015503876,64,0.496124031,65,0.503875969
-86.1605,39.7615,6382,4552,0.713256033,282,0.044186775,4834,0.757442808,1548,0.242557192,188,106,0.563829787,3,0.015957447,109,0.579787234,79,0.420212766
-86.1605,39.764,1104,641,0.580615942,0,0,641,0.580615942,463,0.419384058,16,10,0.625,0,0,10,0.625,6,0.375
-86.1605,39.7655,3506,948,0.270393611,722,0.205932687,1670,0.476326298,1836,0.523673702,60,19,0.316666667,10,0.166666667,29,0.483333333,31,0.516666667
-86.1605,39.767,5766,3023,0.524280264,182,0.031564343,3205,0.555844606,2561,0.444155394,86,44,0.511627907,4,0.046511628,48,0.558139535,38,0.441860465
-86.1605,39.7685,964,607,0.62966805,269,0.279045643,876,0.908713693,88,0.091286307,11,5,0.454545455,1,0.090909091,6,0.545454545,5,0.454545455
-86.1605,39.7695,4980,2172,0.436144578,24,0.004819277,2196,0.440963855,2784,0.559036145,76,26,0.342105263,2,0.026315789,28,0.368421053,48,0.631578947
-86.1605,39.77,1681,471,0.280190363,0,0,471,0.280190363,1210,0.719809637,23,8,0.347826087,0,0,8,0.347826087,15,0.652173913
-86.1605,39.771,22303,49,0.002197014,15788,0.707886831,15837,0.710083845,6466,0.289916155,249,3,0.012048193,84,0.337349398,87,0.34939759,162,0.65060241
-86.1605,39.7725,3848,55,0.014293139,2004,0.520790021,2059,0.53508316,1789,0.46491684,84,2,0.023809524,40,0.476190476,42,0.5,42,0.5
-86.1605,39.774,1188,6,0.005050505,719,0.605218855,725,0.61026936,463,0.38973064,34,1,0.029411765,19,0.558823529,20,0.588235294,14,0.411764706
-86.1605,39.7755,1337,0,0,482,0.360508601,482,0.360508601,855,0.639491399,26,0,0,11,0.423076923,11,0.423076923,15,0.576923077
-86.1605,39.778,3131,0,0,1191,0.380389652,1191,0.380389652,1940,0.619610348,69,0,0,35,0.507246377,35,0.507246377,34,0.492753623
-86.16,39.761,26436,13470,0.509532456,991,0.03748676,14461,0.547019216,11975,0.452980784,269,108,0.401486989,18,0.066914498,126,0.468401487,143,0.531598513
-86.16,39.7615,8633,6189,0.716900266,288,0.033360361,6477,0.750260628,2156,0.249739372,152,94,0.618421053,3,0.019736842,97,0.638157895,55,0.361842105
-86.16,39.762,1424,369,0.259129213,0,0,369,0.259129213,1055,0.740870787,57,12,0.210526316,0,0,12,0.210526316,45,0.789473684
-86.16,39.7625,5321,34,0.006389776,0,0,34,0.006389776,5287,0.993610224,18,1,0.055555556,0,0,1,0.055555556,17,0.944444444
-86.16,39.763,2017,35,0.017352504,0,0,35,0.017352504,1982,0.982647496,16,1,0.0625,0,0,1,0.0625,15,0.9375
-86.16,39.7635,1297,158,0.121819584,0,0,158,0.121819584,1139,0.878180416,70,13,0.185714286,0,0,13,0.185714286,57,0.814285714
-86.16,39.764,4554,3290,0.722441809,2,0.000439174,3292,0.722880984,1262,0.277119016,66,35,0.53030303,1,0.015151515,36,0.545454545,30,0.454545455
-86.16,39.765,604,496,0.821192053,0,0,496,0.821192053,108,0.178807947,36,23,0.638888889,0,0,23,0.638888889,13,0.361111111
-86.16,39.7655,17933,5313,0.296269447,5879,0.327831372,11192,0.62410082,6741,0.37589918,134,49,0.365671642,19,0.141791045,68,0.507462687,66,0.492537313
-86.16,39.766,2408,2245,0.93230897,0,0,2245,0.93230897,163,0.06769103,23,18,0.782608696,0,0,18,0.782608696,5,0.217391304
-86.16,39.7665,5655,4651,0.822458002,0,0,4651,0.822458002,1004,0.177541998,55,32,0.581818182,0,0,32,0.581818182,23,0.418181818
-86.16,39.767,12058,5045,0.418394427,462,0.038314812,5507,0.456709239,6551,0.543290761,113,58,0.513274336,5,0.044247788,63,0.557522124,50,0.442477876
-86.16,39.7675,2441,1020,0.417861532,0,0,1020,0.417861532,1421,0.582138468,21,12,0.571428571,0,0,12,0.571428571,9,0.428571429
-86.16,39.768,2600,865,0.332692308,0,0,865,0.332692308,1735,0.667307692,20,8,0.4,0,0,8,0.4,12,0.6
-86.16,39.7685,2654,907,0.341748304,367,0.138281839,1274,0.480030143,1380,0.519969857,23,9,0.391304348,1,0.043478261,10,0.434782609,13,0.565217391
-86.16,39.7695,12851,587,0.045677379,431,0.033538246,1018,0.079215625,11833,0.920784375,82,18,0.219512195,1,0.012195122,19,0.231707317,63,0.768292683
-86.16,39.77,7255,2501,0.344727774,343,0.047277739,2844,0.392005513,4411,0.607994487,30,8,0.266666667,1,0.033333333,9,0.3,21,0.7
-86.16,39.771,8450,1415,0.167455621,2659,0.314674556,4074,0.482130178,4376,0.517869822,154,19,0.123376623,25,0.162337662,44,0.285714286,110,0.714285714
-86.16,39.7725,9462,87,0.009194673,7864,0.831113929,7951,0.840308603,1511,0.159691397,63,2,0.031746032,35,0.555555556,37,0.587301587,26,0.412698413
-86.16,39.774,1074,65,0.060521415,457,0.425512104,522,0.48603352,552,0.51396648,43,7,0.162790698,18,0.418604651,25,0.581395349,18,0.418604651
-86.16,39.7755,1282,32,0.024960998,352,0.274570983,384,0.299531981,898,0.700468019,36,2,0.055555556,14,0.388888889,16,0.444444444,20,0.555555556
-86.16,39.778,2445,0,0,1082,0.442535787,1082,0.442535787,1363,0.557464213,75,0,0,32,0.426666667,32,0.426666667,43,0.573333333
-86.1595,39.761,2928,1978,0.675546448,327,0.111680328,2305,0.787226776,623,0.212773224,70,41,0.585714286,8,0.114285714,49,0.7,21,0.3
-86.1595,39.7615,7429,6041,0.813164625,0,0,6041,0.813164625,1388,0.186835375,32,22,0.6875,0,0,22,0.6875,10,0.3125
-86.1595,39.764,4717,2533,0.536993852,1,0.000211999,2534,0.537205851,2183,0.462794149,36,17,0.472222222,1,0.027777778,18,0.5,18,0.5
-86.1595,39.7645,460,267,0.580434783,1,0.002173913,268,0.582608696,192,0.417391304,21,11,0.523809524,1,0.047619048,12,0.571428571,9,0.428571429
-86.1595,39.765,2451,1186,0.483884129,0,0,1186,0.483884129,1265,0.516115871,59,32,0.542372881,0,0,32,0.542372881,27,0.457627119
-86.1595,39.7655,4810,2998,0.623284823,255,0.053014553,3253,0.676299376,1557,0.323700624,93,47,0.505376344,9,0.096774194,56,0.602150538,37,0.397849462
-86.1595,39.766,6263,4552,0.726808239,0,0,4552,0.726808239,1711,0.273191761,78,51,0.653846154,0,0,51,0.653846154,27,0.346153846
-86.1595,39.7665,29539,19978,0.676326213,117,0.003960865,20095,0.680287078,9444,0.319712922,251,126,0.501992032,3,0.011952191,129,0.513944223,122,0.486055777
-86.1595,39.767,25305,6468,0.25560166,1601,0.063268129,8069,0.318869789,17236,0.681130211,307,94,0.306188925,20,0.06514658,114,0.371335505,193,0.628664495
-86.1595,39.7675,9750,1376,0.141128205,1203,0.123384615,2579,0.264512821,7171,0.735487179,134,21,0.156716418,12,0.089552239,33,0.246268657,101,0.753731343
-86.1595,39.768,17421,1800,0.103323575,2183,0.125308536,3983,0.228632111,13438,0.771367889,103,18,0.174757282,12,0.116504854,30,0.291262136,73,0.708737864
-86.1595,39.7685,14275,4485,0.314185639,1713,0.12,6198,0.434185639,8077,0.565814361,118,32,0.271186441,10,0.084745763,42,0.355932203,76,0.644067797
-86.1595,39.769,9808,1051,0.107157423,557,0.056790375,1608,0.163947798,8200,0.836052202,151,13,0.086092715,8,0.052980132,21,0.139072848,130,0.860927152
-86.1595,39.7695,24559,869,0.035384177,421,0.017142392,1290,0.052526569,23269,0.947473431,132,14,0.106060606,8,0.060606061,22,0.166666667,110,0.833333333
-86.1595,39.77,9892,1366,0.138091387,582,0.058835423,1948,0.19692681,7944,0.80307319,119,20,0.168067227,10,0.084033613,30,0.25210084,89,0.74789916
-86.1595,39.7705,6457,3193,0.494502091,483,0.07480254,3676,0.569304631,2781,0.430695369,132,33,0.25,6,0.045454545,39,0.295454545,93,0.704545455
-86.1595,39.771,27086,7583,0.279960127,12471,0.460422358,20054,0.740382485,7032,0.259617515,287,63,0.219512195,76,0.264808362,139,0.484320557,148,0.515679443
-86.1595,39.7715,4894,2303,0.470576216,935,0.191050266,3238,0.661626481,1656,0.338373519,103,30,0.291262136,26,0.252427184,56,0.54368932,47,0.45631068
-86.1595,39.772,7004,1494,0.213306682,1633,0.233152484,3127,0.446459166,3877,0.553540834,154,30,0.194805195,39,0.253246753,69,0.448051948,85,0.551948052
-86.1595,39.7725,23706,896,0.037796338,11657,0.491732051,12553,0.529528389,11153,0.470471611,274,15,0.054744526,129,0.47080292,144,0.525547445,130,0.474452555
-86.1595,39.773,13172,39,0.002960826,1411,0.107121166,1450,0.110081992,11722,0.889918008,48,1,0.020833333,21,0.4375,22,0.458333333,26,0.541666667
-86.1595,39.7735,3429,48,0.01399825,1897,0.553222514,1945,0.567220764,1484,0.432779236,48,3,0.0625,22,0.458333333,25,0.520833333,23,0.479166667
-86.1595,39.774,7103,317,0.04462903,3415,0.480782768,3732,0.525411798,3371,0.474588202,74,6,0.081081081,33,0.445945946,39,0.527027027,35,0.472972973
-86.1595,39.7745,3907,19,0.004863066,1443,0.369337087,1462,0.374200154,2445,0.625799846,48,2,0.041666667,20,0.416666667,22,0.458333333,26,0.541666667
-86.1595,39.775,35703,8,0.000224071,7679,0.215079965,7687,0.215304036,28016,0.784695964,136,2,0.014705882,52,0.382352941,54,0.397058824,82,0.602941176
-86.1595,39.7755,16557,3,0.000181192,5822,0.35163375,5825,0.351814942,10732,0.648185058,127,1,0.007874016,48,0.377952756,49,0.385826772,78,0.614173228
-86.1595,39.776,3526,0,0,581,0.16477595,581,0.16477595,2945,0.83522405,39,0,0,17,0.435897436,17,0.435897436,22,0.564102564
-86.1595,39.7765,2988,0,0,1412,0.472556894,1412,0.472556894,1576,0.527443106,33,0,0,15,0.454545455,15,0.454545455,18,0.545454545
-86.1595,39.777,880,0,0,424,0.481818182,424,0.481818182,456,0.518181818,21,0,0,9,0.428571429,9,0.428571429,12,0.571428571
-86.1595,39.7775,3935,0,0,1606,0.408132147,1606,0.408132147,2329,0.591867853,35,0,0,12,0.342857143,12,0.342857143,23,0.657142857
-86.1595,39.778,15452,0,0,7204,0.466217965,7204,0.466217965,8248,0.533782035,151,0,0,54,0.357615894,54,0.357615894,97,0.642384106
-86.159,39.761,2773,1714,0.618103137,200,0.072124053,1914,0.690227191,859,0.309772809,84,43,0.511904762,6,0.071428571,49,0.583333333,35,0.416666667
-86.159,39.7615,436,189,0.433486239,18,0.041284404,207,0.474770642,229,0.525229358,29,11,0.379310345,1,0.034482759,12,0.413793103,17,0.586206897
-86.159,39.764,1151,584,0.507384883,0,0,584,0.507384883,567,0.492615117,20,9,0.45,0,0,9,0.45,11,0.55
-86.159,39.765,108,0,0,1,0.009259259,1,0.009259259,107,0.990740741,2,0,0,1,0.5,1,0.5,1,0.5
-86.159,39.7655,1834,807,0.44002181,134,0.07306434,941,0.51308615,893,0.48691385,25,11,0.44,2,0.08,13,0.52,12,0.48
-86.159,39.767,9976,1897,0.190156375,1422,0.142542101,3319,0.332698476,6657,0.667301524,89,22,0.247191011,8,0.08988764,30,0.337078652,59,0.662921348
-86.159,39.7675,334,324,0.97005988,0,0,324,0.97005988,10,0.02994012,8,5,0.625,0,0,5,0.625,3,0.375
-86.159,39.768,132,0,0,132,1,132,1,0,0,1,0,0,1,1,1,1,0,0
-86.159,39.7685,957,123,0.128526646,214,0.223615465,337,0.352142111,620,0.647857889,13,1,0.076923077,5,0.384615385,6,0.461538462,7,0.538461538
-86.159,39.769,680,71,0.104411765,0,0,71,0.104411765,609,0.895588235,5,1,0.2,0,0,1,0.2,4,0.8
-86.159,39.7695,7202,376,0.05220772,0,0,376,0.05220772,6826,0.94779228,126,9,0.071428571,0,0,9,0.071428571,117,0.928571429
-86.159,39.77,3313,158,0.047690915,7,0.002112889,165,0.049803803,3148,0.950196197,69,6,0.086956522,2,0.028985507,8,0.115942029,61,0.884057971
-86.159,39.771,2890,726,0.251211073,1055,0.365051903,1781,0.616262976,1109,0.383737024,57,12,0.210526316,17,0.298245614,29,0.50877193,28,0.49122807
-86.159,39.7725,9438,179,0.018965883,5915,0.626721763,6094,0.645687646,3344,0.354312354,108,2,0.018518519,51,0.472222222,53,0.490740741,55,0.509259259
-86.159,39.774,1805,935,0.51800554,236,0.130747922,1171,0.648753463,634,0.351246537,48,17,0.354166667,4,0.083333333,21,0.4375,27,0.5625
-86.159,39.775,976,36,0.036885246,538,0.551229508,574,0.588114754,402,0.411885246,40,2,0.05,16,0.4,18,0.45,22,0.55
-86.159,39.7755,4432,0,0,3017,0.680731047,3017,0.680731047,1415,0.319268953,94,0,0,53,0.563829787,53,0.563829787,41,0.436170213
-86.159,39.7765,2351,0,0,1610,0.684814972,1610,0.684814972,741,0.315185028,21,0,0,11,0.523809524,11,0.523809524,10,0.476190476
-86.159,39.777,626,0,0,369,0.589456869,369,0.589456869,257,0.410543131,18,0,0,9,0.5,9,0.5,9,0.5
-86.159,39.7775,1187,0,0,451,0.379949452,451,0.379949452,736,0.620050548,52,0,0,19,0.365384615,19,0.365384615,33,0.634615385
-86.159,39.778,10714,0,0,3713,0.346555908,3713,0.346555908,7001,0.653444092,142,0,0,42,0.295774648,42,0.295774648,100,0.704225352
-86.159,39.7785,438,0,0,196,0.447488584,196,0.447488584,242,0.552511416,19,0,0,8,0.421052632,8,0.421052632,11,0.578947368
-86.159,39.779,526,0,0,276,0.524714829,276,0.524714829,250,0.475285171,23,0,0,10,0.434782609,10,0.434782609,13,0.565217391
-86.159,39.7795,638,0,0,200,0.313479624,200,0.313479624,438,0.686520376,21,0,0,8,0.380952381,8,0.380952381,13,0.619047619
-86.159,39.78,708,0,0,216,0.305084746,216,0.305084746,492,0.694915254,19,0,0,7,0.368421053,7,0.368421053,12,0.631578947
-86.159,39.7805,1247,0,0,356,0.285485164,356,0.285485164,891,0.714514836,14,0,0,5,0.357142857,5,0.357142857,9,0.642857143
-86.1585,39.761,6750,3578,0.530074074,633,0.093777778,4211,0.623851852,2539,0.376148148,199,86,0.432160804,11,0.055276382,97,0.487437186,102,0.512562814
-86.1585,39.7655,2183,866,0.396701787,429,0.196518552,1295,0.593220339,888,0.406779661,34,11,0.323529412,2,0.058823529,13,0.382352941,21,0.617647059
-86.1585,39.767,6595,1523,0.230932525,255,0.038665656,1778,0.26959818,4817,0.73040182,72,16,0.222222222,7,0.097222222,23,0.319444444,49,0.680555556
-86.1585,39.7675,702,470,0.66951567,0,0,470,0.66951567,232,0.33048433,5,3,0.6,0,0,3,0.6,2,0.4
-86.1585,39.768,5783,1590,0.274943801,1931,0.333909735,3521,0.608853536,2262,0.391146464,53,8,0.150943396,17,0.320754717,25,0.471698113,28,0.528301887
-86.1585,39.7685,5699,1413,0.247938235,1063,0.186523952,2476,0.434462186,3223,0.565537814,59,9,0.152542373,18,0.305084746,27,0.457627119,32,0.542372881
-86.1585,39.769,366,253,0.691256831,23,0.06284153,276,0.754098361,90,0.245901639,6,2,0.333333333,1,0.166666667,3,0.5,3,0.5
-86.1585,39.7695,4842,647,0.13362247,19,0.003923998,666,0.137546468,4176,0.862453532,146,10,0.068493151,2,0.01369863,12,0.082191781,134,0.917808219
-86.1585,39.77,2304,221,0.095920139,0,0,221,0.095920139,2083,0.904079861,35,5,0.142857143,0,0,5,0.142857143,30,0.857142857
-86.1585,39.771,3770,1411,0.374270557,1029,0.272944297,2440,0.647214854,1330,0.352785146,99,30,0.303030303,16,0.161616162,46,0.464646465,53,0.535353535
-86.1585,39.7725,2214,96,0.043360434,885,0.399728997,981,0.443089431,1233,0.556910569,81,4,0.049382716,31,0.382716049,35,0.432098765,46,0.567901235
-86.1585,39.774,834,437,0.523980815,35,0.041966427,472,0.565947242,362,0.434052758,39,17,0.435897436,3,0.076923077,20,0.512820513,19,0.487179487
-86.1585,39.775,486,0,0,204,0.419753086,204,0.419753086,282,0.580246914,15,0,0,6,0.4,6,0.4,9,0.6
-86.1585,39.7755,2025,30,0.014814815,1159,0.572345679,1189,0.587160494,836,0.412839506,43,1,0.023255814,25,0.581395349,26,0.604651163,17,0.395348837
-86.1585,39.7775,630,0,0,281,0.446031746,281,0.446031746,349,0.553968254,25,0,0,8,0.32,8,0.32,17,0.68
-86.1585,39.778,1829,0,0,635,0.347184254,635,0.347184254,1194,0.652815746,53,0,0,19,0.358490566,19,0.358490566,34,0.641509434
-86.158,39.761,8883,3211,0.361476978,791,0.089046493,4002,0.450523472,4881,0.549476528,147,49,0.333333333,10,0.068027211,59,0.401360544,88,0.598639456
-86.158,39.7615,4496,476,0.105871886,396,0.088078292,872,0.193950178,3624,0.806049822,59,9,0.152542373,7,0.118644068,16,0.271186441,43,0.728813559
-86.158,39.762,1875,233,0.124266667,55,0.029333333,288,0.1536,1587,0.8464,54,8,0.148148148,1,0.018518519,9,0.166666667,45,0.833333333
-86.158,39.7625,2964,482,0.162618084,41,0.013832659,523,0.176450742,2441,0.823549258,54,11,0.203703704,2,0.037037037,13,0.240740741,41,0.759259259
-86.158,39.763,3205,921,0.287363495,309,0.096411856,1230,0.383775351,1975,0.616224649,51,18,0.352941176,4,0.078431373,22,0.431372549,29,0.568627451
-86.158,39.7635,3385,2516,0.743279173,82,0.02422452,2598,0.767503693,787,0.232496307,86,39,0.453488372,2,0.023255814,41,0.476744186,45,0.523255814
-86.158,39.764,8985,6555,0.729549249,489,0.05442404,7044,0.783973289,1941,0.216026711,76,43,0.565789474,2,0.026315789,45,0.592105263,31,0.407894737
-86.158,39.7645,2027,1297,0.639861865,80,0.039467193,1377,0.679329058,650,0.320670942,47,24,0.510638298,2,0.042553191,26,0.553191489,21,0.446808511
-86.158,39.765,2459,584,0.237494917,291,0.118340789,875,0.355835706,1584,0.644164294,62,19,0.306451613,9,0.14516129,28,0.451612903,34,0.548387097
-86.158,39.7655,7284,1206,0.165568369,1790,0.245744097,2996,0.411312466,4288,0.588687534,99,18,0.181818182,26,0.262626263,44,0.444444444,55,0.555555556
-86.158,39.766,2919,1008,0.345323741,430,0.147310723,1438,0.492634464,1481,0.507365536,47,9,0.191489362,9,0.191489362,18,0.382978723,29,0.617021277
-86.158,39.7665,4839,1188,0.24550527,966,0.199628022,2154,0.445133292,2685,0.554866708,56,11,0.196428571,11,0.196428571,22,0.392857143,34,0.607142857
-86.158,39.767,20858,3596,0.172403874,2686,0.12877553,6282,0.301179404,14576,0.698820596,198,35,0.176767677,34,0.171717172,69,0.348484848,129,0.651515152
-86.158,39.7675,8662,1726,0.199261141,1098,0.126760563,2824,0.326021704,5838,0.673978296,116,18,0.155172414,27,0.232758621,45,0.387931034,71,0.612068966
-86.158,39.768,2157,270,0.125173853,703,0.325915624,973,0.451089476,1184,0.548910524,47,5,0.106382979,16,0.340425532,21,0.446808511,26,0.553191489
-86.158,39.7685,1999,71,0.035517759,494,0.247123562,565,0.282641321,1434,0.717358679,34,4,0.117647059,10,0.294117647,14,0.411764706,20,0.588235294
-86.158,39.769,6399,1301,0.203313018,1001,0.156430692,2302,0.35974371,4097,0.64025629,79,14,0.17721519,15,0.189873418,29,0.367088608,50,0.632911392
-86.158,39.7695,12302,1307,0.106242887,0,0,1307,0.106242887,10995,0.893757113,91,16,0.175824176,0,0,16,0.175824176,75,0.824175824
-86.158,39.77,3673,527,0.143479445,3,0.000816771,530,0.144296216,3143,0.855703784,27,5,0.185185185,1,0.037037037,6,0.222222222,21,0.777777778
-86.158,39.7705,778,331,0.425449871,4,0.005141388,335,0.43059126,443,0.56940874,30,11,0.366666667,1,0.033333333,12,0.4,18,0.6
-86.158,39.771,6392,4439,0.694461827,594,0.092928661,5033,0.787390488,1359,0.212609512,158,48,0.303797468,45,0.284810127,93,0.588607595,65,0.411392405
-86.158,39.7715,448,82,0.183035714,4,0.008928571,86,0.191964286,362,0.808035714,8,1,0.125,1,0.125,2,0.25,6,0.75
-86.158,39.7725,5821,417,0.071637176,3416,0.586840749,3833,0.658477925,1988,0.341522075,110,23,0.209090909,27,0.245454545,50,0.454545455,60,0.545454545
-86.158,39.774,875,614,0.701714286,9,0.010285714,623,0.712,252,0.288,37,20,0.540540541,1,0.027027027,21,0.567567568,16,0.432432432
-86.158,39.775,4345,0,0,1935,0.445339471,1935,0.445339471,2410,0.554660529,20,0,0,9,0.45,9,0.45,11,0.55
-86.158,39.7755,1483,13,0.008766015,973,0.656102495,986,0.66486851,497,0.33513149,25,1,0.04,15,0.6,16,0.64,9,0.36
-86.158,39.7775,1058,0,0,537,0.507561437,537,0.507561437,521,0.492438563,33,0,0,17,0.515151515,17,0.515151515,16,0.484848485
-86.158,39.778,1474,0,0,597,0.405020353,597,0.405020353,877,0.594979647,29,0,0,14,0.482758621,14,0.482758621,15,0.517241379
-86.1575,39.761,9160,552,0.060262009,1123,0.122598253,1675,0.182860262,7485,0.817139738,111,27,0.243243243,13,0.117117117,40,0.36036036,71,0.63963964
-86.1575,39.7615,982,114,0.116089613,168,0.17107943,282,0.287169043,700,0.712830957,20,3,0.15,4,0.2,7,0.35,13,0.65
-86.1575,39.764,1943,1154,0.593926917,164,0.084405558,1318,0.678332476,625,0.321667524,30,8,0.266666667,5,0.166666667,13,0.433333333,17,0.566666667
-86.1575,39.7655,2104,322,0.153041825,237,0.112642586,559,0.265684411,1545,0.734315589,24,4,0.166666667,5,0.208333333,9,0.375,15,0.625
-86.1575,39.7665,5611,509,0.090714668,2884,0.513990376,3393,0.604705044,2218,0.395294956,55,3,0.054545455,23,0.418181818,26,0.472727273,29,0.527272727
-86.1575,39.767,61086,3335,0.054595161,39502,0.646662083,42837,0.701257244,18249,0.298742756,199,39,0.195979899,49,0.246231156,88,0.442211055,111,0.557788945
-86.1575,39.7675,4978,694,0.139413419,2483,0.498794697,3177,0.638208116,1801,0.361791884,52,6,0.115384615,12,0.230769231,18,0.346153846,34,0.653846154
-86.1575,39.768,3121,624,0.199935918,1159,0.371355335,1783,0.571291253,1338,0.428708747,57,10,0.175438596,13,0.228070175,23,0.403508772,34,0.596491228
-86.1575,39.7685,2278,762,0.334503951,424,0.186128183,1186,0.520632133,1092,0.479367867,48,13,0.270833333,16,0.333333333,29,0.604166667,19,0.395833333
-86.1575,39.769,4963,802,0.161595809,596,0.120088656,1398,0.281684465,3565,0.718315535,62,18,0.290322581,10,0.161290323,28,0.451612903,34,0.548387097
-86.1575,39.7695,11495,1541,0.134058286,340,0.029578077,1881,0.163636364,9614,0.836363636,102,25,0.245098039,7,0.068627451,32,0.31372549,70,0.68627451
-86.1575,39.77,1657,301,0.181653591,63,0.038020519,364,0.21967411,1293,0.78032589,31,7,0.225806452,5,0.161290323,12,0.387096774,19,0.612903226
-86.1575,39.7705,1743,880,0.504876649,162,0.092943201,1042,0.597819851,701,0.402180149,44,15,0.340909091,4,0.090909091,19,0.431818182,25,0.568181818
-86.1575,39.771,6924,5159,0.745089544,129,0.018630849,5288,0.763720393,1636,0.236279607,87,42,0.482758621,2,0.022988506,44,0.505747126,43,0.494252874
-86.1575,39.7715,5712,3063,0.536239496,104,0.018207283,3167,0.554446779,2545,0.445553221,95,45,0.473684211,2,0.021052632,47,0.494736842,48,0.505263158
-86.1575,39.772,4731,2768,0.585077151,250,0.052842951,3018,0.637920101,1713,0.362079899,136,73,0.536764706,8,0.058823529,81,0.595588235,55,0.404411765
-86.1575,39.7725,16750,11832,0.70638806,587,0.035044776,12419,0.741432836,4331,0.258567164,140,58,0.414285714,14,0.1,72,0.514285714,68,0.485714286
-86.1575,39.773,1691,555,0.328208161,308,0.182140745,863,0.510348906,828,0.489651094,72,20,0.277777778,11,0.152777778,31,0.430555556,41,0.569444444
-86.1575,39.7735,5210,2342,0.449520154,945,0.181381958,3287,0.630902111,1923,0.369097889,111,25,0.225225225,29,0.261261261,54,0.486486486,57,0.513513514
-86.1575,39.774,9137,6874,0.752325709,356,0.03896246,7230,0.791288169,1907,0.208711831,91,39,0.428571429,15,0.164835165,54,0.593406593,37,0.406593407
-86.1575,39.7745,3273,1512,0.461961503,598,0.182706997,2110,0.6446685,1163,0.3553315,88,20,0.227272727,16,0.181818182,36,0.409090909,52,0.590909091
-86.1575,39.775,6118,215,0.035142203,2655,0.433965348,2870,0.469107551,3248,0.530892449,138,7,0.050724638,65,0.471014493,72,0.52173913,66,0.47826087
-86.1575,39.7755,4014,17,0.004235177,2263,0.563776781,2280,0.568011958,1734,0.431988042,40,1,0.025,28,0.7,29,0.725,11,0.275
-86.1575,39.776,790,0,0,565,0.715189873,565,0.715189873,225,0.284810127,24,0,0,16,0.666666667,16,0.666666667,8,0.333333333
-86.1575,39.7765,1058,0,0,657,0.620982987,657,0.620982987,401,0.379017013,21,0,0,13,0.619047619,13,0.619047619,8,0.380952381
-86.1575,39.777,1155,0,0,967,0.837229437,967,0.837229437,188,0.162770563,21,0,0,15,0.714285714,15,0.714285714,6,0.285714286
-86.1575,39.7775,20724,0,0,10804,0.521327929,10804,0.521327929,9920,0.478672071,132,0,0,71,0.537878788,71,0.537878788,61,0.462121212
-86.1575,39.778,3761,0,0,2241,0.595852167,2241,0.595852167,1520,0.404147833,35,0,0,23,0.657142857,23,0.657142857,12,0.342857143
-86.1575,39.7785,486,0,0,460,0.946502058,460,0.946502058,26,0.053497942,20,0,0,14,0.7,14,0.7,6,0.3
-86.1575,39.779,462,0,0,449,0.971861472,449,0.971861472,13,0.028138528,14,0,0,10,0.714285714,10,0.714285714,4,0.285714286
-86.1575,39.7795,472,0,0,348,0.737288136,348,0.737288136,124,0.262711864,15,0,0,8,0.533333333,8,0.533333333,7,0.466666667
-86.1575,39.78,494,0,0,282,0.570850202,282,0.570850202,212,0.429149798,11,0,0,7,0.636363636,7,0.636363636,4,0.363636364
-86.1575,39.7805,563,0,0,237,0.420959147,237,0.420959147,326,0.579040853,7,0,0,4,0.571428571,4,0.571428571,3,0.428571429
-86.157,39.761,1733,950,0.548182343,234,0.135025967,1184,0.683208309,549,0.316791691,54,28,0.518518519,8,0.148148148,36,0.666666667,18,0.333333333
-86.157,39.764,864,469,0.542824074,69,0.079861111,538,0.622685185,326,0.377314815,30,8,0.266666667,2,0.066666667,10,0.333333333,20,0.666666667
-86.157,39.7655,1937,687,0.354672173,216,0.111512648,903,0.466184822,1034,0.533815178,76,21,0.276315789,4,0.052631579,25,0.328947368,51,0.671052632
-86.157,39.7665,1033,177,0.171345595,143,0.138431752,320,0.309777348,713,0.690222652,12,1,0.083333333,2,0.166666667,3,0.25,9,0.75
-86.157,39.767,7951,1398,0.17582694,645,0.081121871,2043,0.256948811,5908,0.743051189,106,17,0.160377358,8,0.075471698,25,0.235849057,81,0.764150943
-86.157,39.768,4220,967,0.229146919,915,0.216824645,1882,0.445971564,2338,0.554028436,54,14,0.259259259,11,0.203703704,25,0.462962963,29,0.537037037
-86.157,39.7685,6184,1493,0.241429495,782,0.126455369,2275,0.367884864,3909,0.632115136,63,19,0.301587302,13,0.206349206,32,0.507936508,31,0.492063492
-86.157,39.7695,4995,800,0.16016016,43,0.008608609,843,0.168768769,4152,0.831231231,68,14,0.205882353,1,0.014705882,15,0.220588235,53,0.779411765
-86.157,39.771,4421,3918,0.886224836,0,0,3918,0.886224836,503,0.113775164,30,16,0.533333333,0,0,16,0.533333333,14,0.466666667
-86.157,39.7725,6013,4236,0.70447364,497,0.082654249,4733,0.78712789,1280,0.21287211,52,18,0.346153846,5,0.096153846,23,0.442307692,29,0.557692308
-86.157,39.774,3000,1981,0.660333333,662,0.220666667,2643,0.881,357,0.119,94,54,0.574468085,4,0.042553191,58,0.617021277,36,0.382978723
-86.157,39.775,3278,0,0,1583,0.482916412,1583,0.482916412,1695,0.517083588,75,0,0,36,0.48,36,0.48,39,0.52
-86.157,39.7755,785,0,0,669,0.852229299,669,0.852229299,116,0.147770701,13,0,0,8,0.615384615,8,0.615384615,5,0.384615385
-86.157,39.7775,1687,0,0,473,0.280379372,473,0.280379372,1214,0.719620628,14,0,0,8,0.571428571,8,0.571428571,6,0.428571429
-86.157,39.7805,431,0,0,11,0.025522042,11,0.025522042,420,0.974477958,3,0,0,1,0.333333333,1,0.333333333,2,0.666666667
-86.1565,39.761,3391,1744,0.514302566,255,0.075199056,1999,0.589501622,1392,0.410498378,73,38,0.520547945,6,0.082191781,44,0.602739726,29,0.397260274
-86.1565,39.7615,1105,124,0.112217195,21,0.019004525,145,0.131221719,960,0.868778281,20,4,0.2,1,0.05,5,0.25,15,0.75
-86.1565,39.762,764,315,0.412303665,0,0,315,0.412303665,449,0.587696335,33,10,0.303030303,0,0,10,0.303030303,23,0.696969697
-86.1565,39.764,1321,371,0.280847843,150,0.113550341,521,0.394398183,800,0.605601817,19,4,0.210526316,4,0.210526316,8,0.421052632,11,0.578947368
-86.1565,39.7655,8336,5524,0.662667946,292,0.035028791,5816,0.697696737,2520,0.302303263,31,20,0.64516129,4,0.129032258,24,0.774193548,7,0.225806452
-86.1565,39.7665,903,139,0.15393134,11,0.012181617,150,0.166112957,753,0.833887043,25,7,0.28,2,0.08,9,0.36,16,0.64
-86.1565,39.767,7293,1686,0.231180584,379,0.05196764,2065,0.283148224,5228,0.716851776,144,46,0.319444444,7,0.048611111,53,0.368055556,91,0.631944444
-86.1565,39.7675,640,0,0,0,0,0,0,640,1,2,0,0,0,0,0,0,2,1
-86.1565,39.768,591,228,0.385786802,87,0.147208122,315,0.532994924,276,0.467005076,14,6,0.428571429,1,0.071428571,7,0.5,7,0.5
-86.1565,39.7685,1011,353,0.349159248,451,0.446092977,804,0.795252226,207,0.204747774,18,6,0.333333333,5,0.277777778,11,0.611111111,7,0.388888889
-86.1565,39.769,1148,216,0.18815331,77,0.067073171,293,0.255226481,855,0.744773519,7,3,0.428571429,1,0.142857143,4,0.571428571,3,0.428571429
-86.1565,39.7695,6471,2644,0.40859218,165,0.025498377,2809,0.434090558,3662,0.565909442,102,33,0.323529412,2,0.019607843,35,0.343137255,67,0.656862745
-86.1565,39.771,3291,2254,0.684898207,27,0.008204193,2281,0.6931024,1010,0.3068976,52,27,0.519230769,1,0.019230769,28,0.538461538,24,0.461538462
-86.1565,39.7725,883,377,0.426953567,153,0.173272933,530,0.600226501,353,0.399773499,21,8,0.380952381,4,0.19047619,12,0.571428571,9,0.428571429
-86.1565,39.774,2483,2008,0.808699154,94,0.037857431,2102,0.846556585,381,0.153443415,37,19,0.513513514,6,0.162162162,25,0.675675676,12,0.324324324
-86.1565,39.775,3424,30,0.008761682,1343,0.392231308,1373,0.400992991,2051,0.599007009,32,1,0.03125,13,0.40625,14,0.4375,18,0.5625
-86.1565,39.7775,3863,0,0,344,0.089049961,344,0.089049961,3519,0.910950039,27,0,0,14,0.518518519,14,0.518518519,13,0.481481481
-86.156,39.761,9803,4646,0.47393655,584,0.0595736,5230,0.53351015,4573,0.46648985,100,50,0.5,6,0.06,56,0.56,44,0.44
-86.156,39.7615,2135,809,0.378922717,0,0,809,0.378922717,1326,0.621077283,23,7,0.304347826,0,0,7,0.304347826,16,0.695652174
-86.156,39.763,1049,799,0.761677788,0,0,799,0.761677788,250,0.238322212,57,36,0.631578947,0,0,36,0.631578947,21,0.368421053
-86.156,39.7635,1205,941,0.780912863,0,0,941,0.780912863,264,0.219087137,44,26,0.590909091,0,0,26,0.590909091,18,0.409090909
-86.156,39.764,2226,1449,0.650943396,186,0.083557951,1635,0.734501348,591,0.265498652,72,36,0.5,5,0.069444444,41,0.569444444,31,0.430555556
-86.156,39.7645,2686,1411,0.525316456,122,0.0454207,1533,0.570737156,1153,0.429262844,61,27,0.442622951,5,0.081967213,32,0.524590164,29,0.475409836
-86.156,39.765,2079,1620,0.779220779,133,0.063973064,1753,0.843193843,326,0.156806157,36,22,0.611111111,3,0.083333333,25,0.694444444,11,0.305555556
-86.156,39.7655,10016,7536,0.752396166,257,0.025658946,7793,0.778055112,2223,0.221944888,134,76,0.567164179,6,0.044776119,82,0.611940299,52,0.388059701
-86.156,39.766,5125,4200,0.819512195,62,0.012097561,4262,0.831609756,863,0.168390244,89,49,0.550561798,1,0.011235955,50,0.561797753,39,0.438202247
-86.156,39.7665,6613,3852,0.582489037,637,0.09632542,4489,0.678814456,2124,0.321185544,123,69,0.56097561,7,0.056910569,76,0.617886179,47,0.382113821
-86.156,39.767,14409,7503,0.520716219,1103,0.076549379,8606,0.597265598,5803,0.402734402,275,136,0.494545455,7,0.025454545,143,0.52,132,0.48
-86.156,39.7675,10081,7408,0.734847733,220,0.021823232,7628,0.756670965,2453,0.243329035,79,49,0.620253165,3,0.037974684,52,0.658227848,27,0.341772152
-86.156,39.768,42644,37720,0.884532408,932,0.021855361,38652,0.906387769,3992,0.093612231,217,116,0.534562212,5,0.023041475,121,0.557603687,96,0.442396313
-86.156,39.7685,16968,12227,0.720591702,360,0.021216407,12587,0.741808109,4381,0.258191891,173,89,0.514450867,5,0.028901734,94,0.543352601,79,0.456647399
-86.156,39.769,9147,6104,0.667322619,14,0.001530556,6118,0.668853176,3029,0.331146824,120,60,0.5,1,0.008333333,61,0.508333333,59,0.491666667
-86.156,39.7695,16838,12038,0.714930514,271,0.016094548,12309,0.731025062,4529,0.268974938,111,52,0.468468468,3,0.027027027,55,0.495495495,56,0.504504505
-86.156,39.77,4635,4056,0.875080906,0,0,4056,0.875080906,579,0.124919094,36,19,0.527777778,0,0,19,0.527777778,17,0.472222222
-86.156,39.7705,3021,2297,0.760344257,7,0.002317114,2304,0.76266137,717,0.23733863,64,26,0.40625,2,0.03125,28,0.4375,36,0.5625
-86.156,39.771,10980,6021,0.548360656,35,0.003187614,6056,0.55154827,4924,0.44845173,86,40,0.465116279,2,0.023255814,42,0.488372093,44,0.511627907
-86.156,39.7715,6183,4462,0.721656154,74,0.0119683,4536,0.733624454,1647,0.266375546,81,38,0.469135802,2,0.024691358,40,0.49382716,41,0.50617284
-86.156,39.772,10541,3277,0.310881321,35,0.003320368,3312,0.314201689,7229,0.685798311,68,29,0.426470588,2,0.029411765,31,0.455882353,37,0.544117647
-86.156,39.7725,8738,5410,0.619134813,201,0.023002976,5611,0.642137789,3127,0.357862211,106,48,0.452830189,8,0.075471698,56,0.528301887,50,0.471698113
-86.156,39.773,7970,4612,0.578670013,890,0.111668758,5502,0.69033877,2468,0.30966123,150,75,0.5,9,0.06,84,0.56,66,0.44
-86.156,39.7735,4703,2567,0.545821816,704,0.149691686,3271,0.695513502,1432,0.304486498,75,34,0.453333333,7,0.093333333,41,0.546666667,34,0.453333333
-86.156,39.774,11378,5358,0.470908771,777,0.068289682,6135,0.539198453,5243,0.460801547,158,46,0.291139241,27,0.170886076,73,0.462025316,85,0.537974684
-86.156,39.7745,4093,1658,0.405081847,170,0.041534327,1828,0.446616174,2265,0.553383826,113,46,0.407079646,8,0.07079646,54,0.477876106,59,0.522123894
-86.156,39.775,20307,11681,0.575220367,3341,0.164524548,15022,0.739744916,5285,0.260255084,166,41,0.246987952,48,0.289156627,89,0.536144578,77,0.463855422
-86.156,39.7755,379,112,0.295514512,190,0.501319261,302,0.796833773,77,0.203166227,9,2,0.222222222,4,0.444444444,6,0.666666667,3,0.333333333
-86.156,39.7775,3876,0,0,2200,0.567595459,2200,0.567595459,1676,0.432404541,27,0,0,14,0.518518519,14,0.518518519,13,0.481481481
-86.1555,39.761,3508,1628,0.464082098,162,0.04618016,1790,0.510262258,1718,0.489737742,180,77,0.427777778,10,0.055555556,87,0.483333333,93,0.516666667
-86.1555,39.7655,2494,1528,0.612670409,97,0.038893344,1625,0.651563753,869,0.348436247,63,34,0.53968254,5,0.079365079,39,0.619047619,24,0.380952381
-86.1555,39.7665,2044,1119,0.547455969,31,0.015166341,1150,0.562622309,894,0.437377691,53,27,0.509433962,1,0.018867925,28,0.528301887,25,0.471698113
-86.1555,39.767,6203,3742,0.603256489,200,0.032242463,3942,0.635498952,2261,0.364501048,91,42,0.461538462,3,0.032967033,45,0.494505495,46,0.505494505
-86.1555,39.7685,95,0,0,0,0,0,0,95,1,1,0,0,0,0,0,0,1,1
-86.1555,39.769,449,159,0.354120267,178,0.396436526,337,0.750556793,112,0.249443207,6,1,0.166666667,2,0.333333333,3,0.5,3,0.5
-86.1555,39.7695,2892,1802,0.623098202,22,0.007607192,1824,0.630705394,1068,0.369294606,44,24,0.545454545,1,0.022727273,25,0.568181818,19,0.431818182
-86.1555,39.771,12378,1840,0.148650832,32,0.002585232,1872,0.151236064,10506,0.848763936,48,20,0.416666667,1,0.020833333,21,0.4375,27,0.5625
-86.1555,39.7715,685,377,0.550364964,0,0,377,0.550364964,308,0.449635036,5,2,0.4,0,0,2,0.4,3,0.6
-86.1555,39.7735,4743,3139,0.661817415,0,0,3139,0.661817415,1604,0.338182585,39,23,0.58974359,0,0,23,0.58974359,16,0.41025641
-86.1555,39.774,8012,3949,0.492885671,1037,0.129430854,4986,0.622316525,3026,0.377683475,124,33,0.266129032,16,0.129032258,49,0.39516129,75,0.60483871
-86.1555,39.7745,3299,922,0.27947863,320,0.096999091,1242,0.376477721,2057,0.623522279,83,30,0.361445783,8,0.096385542,38,0.457831325,45,0.542168675
-86.1555,39.775,11810,2626,0.222353937,3450,0.292125318,6076,0.514479255,5734,0.485520745,146,46,0.315068493,23,0.157534247,69,0.47260274,77,0.52739726
-86.1555,39.7755,9951,1471,0.147824339,2194,0.220480354,3665,0.368304693,6286,0.631695307,71,12,0.169014085,25,0.352112676,37,0.521126761,34,0.478873239
-86.1555,39.776,3374,0,0,1353,0.401007706,1353,0.401007706,2021,0.598992294,45,0,0,25,0.555555556,25,0.555555556,20,0.444444444
-86.1555,39.7765,2411,0,0,539,0.223558689,539,0.223558689,1872,0.776441311,61,0,0,21,0.344262295,21,0.344262295,40,0.655737705
-86.1555,39.777,1726,0,0,367,0.212630359,367,0.212630359,1359,0.787369641,35,0,0,15,0.428571429,15,0.428571429,20,0.571428571
-86.1555,39.7775,7712,0,0,2122,0.275155602,2122,0.275155602,5590,0.724844398,53,0,0,28,0.528301887,28,0.528301887,25,0.471698113
-86.1555,39.778,2431,0,0,1752,0.720691074,1752,0.720691074,679,0.279308926,22,0,0,15,0.681818182,15,0.681818182,7,0.318181818
-86.1555,39.7785,462,0,0,303,0.655844156,303,0.655844156,159,0.344155844,21,0,0,10,0.476190476,10,0.476190476,11,0.523809524
-86.1555,39.779,453,0,0,134,0.29580574,134,0.29580574,319,0.70419426,22,0,0,6,0.272727273,6,0.272727273,16,0.727272727
-86.1555,39.7795,447,0,0,46,0.102908277,46,0.102908277,401,0.897091723,15,0,0,2,0.133333333,2,0.133333333,13,0.866666667
-86.1555,39.78,1598,0,0,1,0.000625782,1,0.000625782,1597,0.999374218,14,0,0,1,0.071428571,1,0.071428571,13,0.928571429
-86.1555,39.7805,1142,0,0,197,0.172504378,197,0.172504378,945,0.827495622,14,0,0,1,0.071428571,1,0.071428571,13,0.928571429
-86.155,39.761,5372,3173,0.590655249,230,0.042814594,3403,0.633469844,1969,0.366530156,130,65,0.5,8,0.061538462,73,0.561538462,57,0.438461538
-86.155,39.7655,3310,1581,0.477643505,317,0.095770393,1898,0.573413897,1412,0.426586103,120,51,0.425,7,0.058333333,58,0.483333333,62,0.516666667
-86.155,39.7665,1427,614,0.430273301,176,0.123335669,790,0.55360897,637,0.44639103,31,20,0.64516129,2,0.064516129,22,0.709677419,9,0.290322581
-86.155,39.767,1706,1088,0.637749121,123,0.072098476,1211,0.709847597,495,0.290152403,27,15,0.555555556,2,0.074074074,17,0.62962963,10,0.37037037
-86.155,39.768,447,0,0,404,0.903803132,404,0.903803132,43,0.096196868,3,0,0,1,0.333333333,1,0.333333333,2,0.666666667
-86.155,39.7695,1807,1066,0.589928058,11,0.006087438,1077,0.596015495,730,0.403984505,52,25,0.480769231,1,0.019230769,26,0.5,26,0.5
-86.155,39.771,6781,895,0.131986433,72,0.010617903,967,0.142604336,5814,0.857395664,44,12,0.272727273,3,0.068181818,15,0.340909091,29,0.659090909
-86.155,39.7725,849,607,0.714958775,0,0,607,0.714958775,242,0.285041225,20,11,0.55,0,0,11,0.55,9,0.45
-86.155,39.7735,542,21,0.038745387,0,0,21,0.038745387,521,0.961254613,7,1,0.142857143,0,0,1,0.142857143,6,0.857142857
-86.155,39.774,788,19,0.024111675,26,0.032994924,45,0.057106599,743,0.942893401,44,3,0.068181818,3,0.068181818,6,0.136363636,38,0.863636364
-86.155,39.775,12573,36,0.002863278,3470,0.275988229,3506,0.278851507,9067,0.721148493,43,3,0.069767442,11,0.255813953,14,0.325581395,29,0.674418605
-86.155,39.7755,477,0,0,5,0.01048218,5,0.01048218,472,0.98951782,2,0,0,1,0.5,1,0.5,1,0.5
-86.155,39.7775,2679,0,0,485,0.181037701,485,0.181037701,2194,0.818962299,13,0,0,6,0.461538462,6,0.461538462,7,0.538461538
-86.155,39.78,109,0,0,0,0,0,0,109,1,1,0,0,0,0,0,0,1,1
-86.1545,39.761,11208,5836,0.5206995,1113,0.099304069,6949,0.620003569,4259,0.379996431,126,50,0.396825397,17,0.134920635,67,0.531746032,59,0.468253968
-86.1545,39.762,1116,475,0.42562724,0,0,475,0.42562724,641,0.57437276,65,29,0.446153846,0,0,29,0.446153846,36,0.553846154
-86.1545,39.7635,1045,274,0.262200957,0,0,274,0.262200957,771,0.737799043,55,12,0.218181818,0,0,12,0.218181818,43,0.781818182
-86.1545,39.764,1200,1,0.000833333,31,0.025833333,32,0.026666667,1168,0.973333333,23,1,0.043478261,1,0.043478261,2,0.086956522,21,0.913043478
-86.1545,39.7645,4926,2369,0.48091758,25,0.005075112,2394,0.485992692,2532,0.514007308,37,11,0.297297297,1,0.027027027,12,0.324324324,25,0.675675676
-86.1545,39.765,6594,4686,0.710646042,0,0,4686,0.710646042,1908,0.289353958,83,37,0.445783133,0,0,37,0.445783133,46,0.554216867
-86.1545,39.7655,15402,9175,0.595701857,473,0.030710297,9648,0.626412154,5754,0.373587846,116,52,0.448275862,8,0.068965517,60,0.517241379,56,0.482758621
-86.1545,39.766,15634,9501,0.607713957,31,0.001982858,9532,0.609696815,6102,0.390303185,145,68,0.468965517,1,0.006896552,69,0.475862069,76,0.524137931
-86.1545,39.7665,11684,6703,0.573690517,558,0.047757617,7261,0.621448134,4423,0.378551866,175,89,0.508571429,7,0.04,96,0.548571429,79,0.451428571
-86.1545,39.767,8719,5619,0.644454639,34,0.00389953,5653,0.648354169,3066,0.351645831,89,53,0.595505618,1,0.011235955,54,0.606741573,35,0.393258427
-86.1545,39.768,256,8,0.03125,0,0,8,0.03125,248,0.96875,6,1,0.166666667,0,0,1,0.166666667,5,0.833333333
-86.1545,39.7695,3953,2707,0.684796357,162,0.040981533,2869,0.72577789,1084,0.27422211,84,39,0.464285714,3,0.035714286,42,0.5,42,0.5
-86.1545,39.771,10115,448,0.044290657,1084,0.107167573,1532,0.15145823,8583,0.84854177,75,10,0.133333333,6,0.08,16,0.213333333,59,0.786666667
-86.1545,39.7725,1077,1077,1,0,0,1077,1,0,0,5,5,1,0,0,5,1,0,0
-86.1545,39.774,718,28,0.038997214,43,0.059888579,71,0.098885794,647,0.901114206,23,2,0.086956522,2,0.086956522,4,0.173913043,19,0.826086957
-86.1545,39.775,5638,0,0,1733,0.307378503,1733,0.307378503,3905,0.692621497,30,0,0,11,0.366666667,11,0.366666667,19,0.633333333
-86.1545,39.7755,1397,0,0,547,0.391553329,547,0.391553329,850,0.608446671,2,0,0,1,0.5,1,0.5,1,0.5
-86.1545,39.7765,87,0,0,0,0,0,0,87,1,4,0,0,0,0,0,0,4,1
-86.1545,39.7775,3363,0,0,241,0.071662206,241,0.071662206,3122,0.928337794,23,0,0,9,0.391304348,9,0.391304348,14,0.608695652
-86.154,39.761,4157,2198,0.528746692,135,0.032475343,2333,0.561222035,1824,0.438777965,39,15,0.384615385,2,0.051282051,17,0.435897436,22,0.564102564
-86.154,39.765,749,425,0.567423231,5,0.006675567,430,0.574098798,319,0.425901202,12,5,0.416666667,1,0.083333333,6,0.5,6,0.5
-86.154,39.7655,803,524,0.652552927,146,0.181818182,670,0.834371108,133,0.165628892,28,12,0.428571429,9,0.321428571,21,0.75,7,0.25
-86.154,39.7665,5177,3744,0.723198764,0,0,3744,0.723198764,1433,0.276801236,54,31,0.574074074,0,0,31,0.574074074,23,0.425925926
-86.154,39.767,25444,9231,0.36279673,0,0,9231,0.36279673,16213,0.63720327,137,67,0.489051095,0,0,67,0.489051095,70,0.510948905
-86.154,39.7675,5300,1678,0.316603774,16,0.003018868,1694,0.319622642,3606,0.680377358,202,66,0.326732673,1,0.004950495,67,0.331683168,135,0.668316832
-86.154,39.768,6306,781,0.123850301,153,0.024262607,934,0.148112908,5372,0.851887092,89,27,0.303370787,2,0.02247191,29,0.325842697,60,0.674157303
-86.154,39.7685,7759,1759,0.226704472,76,0.009795077,1835,0.236499549,5924,0.763500451,87,28,0.32183908,1,0.011494253,29,0.333333333,58,0.666666667
-86.154,39.769,9885,4002,0.404855842,58,0.005867476,4060,0.410723318,5825,0.589276682,226,59,0.261061947,2,0.008849558,61,0.269911504,165,0.730088496
-86.154,39.7695,19667,9663,0.491330655,110,0.005593126,9773,0.496923781,9894,0.503076219,130,58,0.446153846,4,0.030769231,62,0.476923077,68,0.523076923
-86.154,39.77,4958,2727,0.550020169,0,0,2727,0.550020169,2231,0.449979831,82,41,0.5,0,0,41,0.5,41,0.5
-86.154,39.7705,5799,2485,0.428522159,9,0.001551992,2494,0.430074151,3305,0.569925849,179,75,0.418994413,1,0.005586592,76,0.424581006,103,0.575418994
-86.154,39.771,9230,2752,0.29815818,165,0.01787649,2917,0.31603467,6313,0.68396533,140,44,0.314285714,4,0.028571429,48,0.342857143,92,0.657142857
-86.154,39.7715,3686,1551,0.420781335,179,0.048562127,1730,0.469343462,1956,0.530656538,104,46,0.442307692,3,0.028846154,49,0.471153846,55,0.528846154
-86.154,39.772,10181,8606,0.845300069,171,0.016795993,8777,0.862096061,1404,0.137903939,138,60,0.434782609,5,0.036231884,65,0.471014493,73,0.528985507
-86.154,39.7725,5360,4510,0.84141791,106,0.019776119,4616,0.86119403,744,0.13880597,79,44,0.556962025,3,0.037974684,47,0.594936709,32,0.405063291
-86.154,39.773,6249,5574,0.891982717,105,0.016802688,5679,0.908785406,570,0.091214594,55,36,0.654545455,2,0.036363636,38,0.690909091,17,0.309090909
-86.154,39.7735,5179,2880,0.55609191,82,0.015833172,2962,0.571925082,2217,0.428074918,107,50,0.46728972,4,0.037383178,54,0.504672897,53,0.495327103
-86.154,39.774,5185,1231,0.237415622,33,0.006364513,1264,0.243780135,3921,0.756219865,58,19,0.327586207,1,0.017241379,20,0.344827586,38,0.655172414
-86.154,39.7745,3131,920,0.293835835,0,0,920,0.293835835,2211,0.706164165,31,12,0.387096774,0,0,12,0.387096774,19,0.612903226
-86.154,39.775,7063,567,0.080277502,1380,0.195384398,1947,0.2756619,5116,0.7243381,114,12,0.105263158,24,0.210526316,36,0.315789474,78,0.684210526
-86.154,39.7755,1634,0,0,755,0.462056304,755,0.462056304,879,0.537943696,36,0,0,12,0.333333333,12,0.333333333,24,0.666666667
-86.154,39.776,1118,0,0,52,0.046511628,52,0.046511628,1066,0.953488372,19,0,0,3,0.157894737,3,0.157894737,16,0.842105263
-86.154,39.7765,3191,0,0,36,0.01128173,36,0.01128173,3155,0.98871827,16,0,0,2,0.125,2,0.125,14,0.875
-86.154,39.777,651,0,0,62,0.095238095,62,0.095238095,589,0.904761905,12,0,0,2,0.166666667,2,0.166666667,10,0.833333333
-86.154,39.7775,2483,0,0,1051,0.423278292,1051,0.423278292,1432,0.576721708,44,0,0,15,0.340909091,15,0.340909091,29,0.659090909
-86.154,39.778,436,0,0,106,0.243119266,106,0.243119266,330,0.756880734,20,0,0,5,0.25,5,0.25,15,0.75
-86.154,39.7785,417,0,0,40,0.095923261,40,0.095923261,377,0.904076739,13,0,0,1,0.076923077,1,0.076923077,12,0.923076923
-86.154,39.779,358,0,0,40,0.111731844,40,0.111731844,318,0.888268156,10,0,0,1,0.1,1,0.1,9,0.9
-86.154,39.7795,731,0,0,429,0.586867305,429,0.586867305,302,0.413132695,10,0,0,4,0.4,4,0.4,6,0.6
-86.154,39.78,203,0,0,20,0.098522167,20,0.098522167,183,0.901477833,5,0,0,1,0.2,1,0.2,4,0.8
-86.154,39.7805,224,0,0,39,0.174107143,39,0.174107143,185,0.825892857,10,0,0,3,0.3,3,0.3,7,0.7
-86.1535,39.761,881,232,0.263337117,67,0.076049943,299,0.33938706,582,0.66061294,48,10,0.208333333,4,0.083333333,14,0.291666667,34,0.708333333
-86.1535,39.765,434,71,0.16359447,10,0.023041475,81,0.186635945,353,0.813364055,7,3,0.428571429,1,0.142857143,4,0.571428571,3,0.428571429
-86.1535,39.7655,741,467,0.63022942,80,0.107962213,547,0.738191633,194,0.261808367,24,9,0.375,4,0.166666667,13,0.541666667,11,0.458333333
-86.1535,39.7665,4696,4120,0.877342419,0,0,4120,0.877342419,576,0.122657581,78,41,0.525641026,0,0,41,0.525641026,37,0.474358974
-86.1535,39.767,4758,1839,0.386506936,0,0,1839,0.386506936,2919,0.613493064,127,45,0.354330709,0,0,45,0.354330709,82,0.645669291
-86.1535,39.7695,3550,2292,0.645633803,101,0.028450704,2393,0.674084507,1157,0.325915493,62,24,0.387096774,4,0.064516129,28,0.451612903,34,0.548387097
-86.1535,39.771,2500,480,0.192,3,0.0012,483,0.1932,2017,0.8068,133,30,0.22556391,1,0.007518797,31,0.233082707,102,0.766917293
-86.1535,39.7725,3686,3149,0.854313619,0,0,3149,0.854313619,537,0.145686381,30,12,0.4,0,0,12,0.4,18,0.6
-86.1535,39.7735,161,0,0,0,0,0,0,161,1,10,0,0,0,0,0,0,10,1
-86.1535,39.774,1704,0,0,28,0.016431925,28,0.016431925,1676,0.983568075,18,0,0,1,0.055555556,1,0.055555556,17,0.944444444
-86.1535,39.775,2846,0,0,1424,0.50035137,1424,0.50035137,1422,0.49964863,23,0,0,14,0.608695652,14,0.608695652,9,0.391304348
-86.1535,39.7775,6889,0,0,964,0.139933227,964,0.139933227,5925,0.860066773,53,0,0,13,0.245283019,13,0.245283019,40,0.754716981
-86.1535,39.779,61,0,0,0,0,0,0,61,1,2,0,0,0,0,0,0,2,1
-86.1535,39.7805,510,0,0,228,0.447058824,228,0.447058824,282,0.552941176,8,0,0,3,0.375,3,0.375,5,0.625
-86.153,39.761,885,339,0.383050847,97,0.10960452,436,0.492655367,449,0.507344633,26,9,0.346153846,2,0.076923077,11,0.423076923,15,0.576923077
-86.153,39.764,285,0,0,29,0.101754386,29,0.101754386,256,0.898245614,7,0,0,1,0.142857143,1,0.142857143,6,0.857142857
-86.153,39.765,527,6,0.011385199,0,0,6,0.011385199,521,0.988614801,4,1,0.25,0,0,1,0.25,3,0.75
-86.153,39.7655,977,381,0.389969294,41,0.0419652,422,0.431934493,555,0.568065507,16,4,0.25,1,0.0625,5,0.3125,11,0.6875
-86.153,39.7665,6071,5131,0.845165541,0,0,5131,0.845165541,940,0.154834459,60,29,0.483333333,0,0,29,0.483333333,31,0.516666667
-86.153,39.767,4386,3093,0.705198358,55,0.0125399,3148,0.717738258,1238,0.282261742,73,29,0.397260274,2,0.02739726,31,0.424657534,42,0.575342466
-86.153,39.7695,1308,577,0.441131498,141,0.107798165,718,0.548929664,590,0.451070336,40,12,0.3,3,0.075,15,0.375,25,0.625
-86.153,39.771,3339,1698,0.50853549,31,0.009284217,1729,0.517819706,1610,0.482180294,77,23,0.298701299,1,0.012987013,24,0.311688312,53,0.688311688
-86.153,39.7735,2242,0,0,0,0,0,0,2242,1,10,0,0,0,0,0,0,10,1
-86.153,39.774,482,0,0,79,0.163900415,79,0.163900415,403,0.836099585,11,0,0,1,0.090909091,1,0.090909091,10,0.909090909
-86.153,39.775,6444,25,0.003879578,3847,0.596989448,3872,0.600869025,2572,0.399130975,49,4,0.081632653,20,0.408163265,24,0.489795918,25,0.510204082
-86.153,39.7775,2098,0,0,802,0.382268827,802,0.382268827,1296,0.617731173,33,0,0,15,0.454545455,15,0.454545455,18,0.545454545
-86.1525,39.761,1584,1004,0.633838384,102,0.064393939,1106,0.698232323,478,0.301767677,23,9,0.391304348,2,0.086956522,11,0.47826087,12,0.52173913
-86.1525,39.764,838,0,0,34,0.040572792,34,0.040572792,804,0.959427208,11,0,0,1,0.090909091,1,0.090909091,10,0.909090909
-86.1525,39.765,638,0,0,0,0,0,0,638,1,9,0,0,0,0,0,0,9,1
-86.1525,39.7655,16176,3409,0.210744313,212,0.013105836,3621,0.223850148,12555,0.776149852,126,23,0.182539683,4,0.031746032,27,0.214285714,99,0.785714286
-86.1525,39.766,2220,1206,0.543243243,0,0,1206,0.543243243,1014,0.456756757,81,36,0.444444444,0,0,36,0.444444444,45,0.555555556
-86.1525,39.7665,11087,7798,0.703346261,0,0,7798,0.703346261,3289,0.296653739,93,45,0.483870968,0,0,45,0.483870968,48,0.516129032
-86.1525,39.767,16922,7731,0.456860891,346,0.020446756,8077,0.477307647,8845,0.522692353,219,90,0.410958904,4,0.01826484,94,0.429223744,125,0.570776256
-86.1525,39.7675,5929,2461,0.415078428,161,0.027154664,2622,0.442233092,3307,0.557766908,162,59,0.364197531,4,0.024691358,63,0.388888889,99,0.611111111
-86.1525,39.768,6917,3244,0.468989446,27,0.003903426,3271,0.472892873,3646,0.527107127,113,59,0.522123894,1,0.008849558,60,0.530973451,53,0.469026549
-86.1525,39.7685,19168,5723,0.298570534,0,0,5723,0.298570534,13445,0.701429466,168,74,0.44047619,0,0,74,0.44047619,94,0.55952381
-86.1525,39.769,5671,2999,0.528830894,0,0,2999,0.528830894,2672,0.471169106,153,60,0.392156863,0,0,60,0.392156863,93,0.607843137
-86.1525,39.7695,18163,11246,0.619170842,1917,0.105544238,13163,0.72471508,5000,0.27528492,164,59,0.359756098,22,0.134146341,81,0.493902439,83,0.506097561
-86.1525,39.77,11585,4678,0.403798015,1003,0.086577471,5681,0.490375486,5904,0.509624514,218,73,0.334862385,13,0.059633028,86,0.394495413,132,0.605504587
-86.1525,39.7705,5472,1702,0.311038012,462,0.084429825,2164,0.395467836,3308,0.604532164,128,36,0.28125,8,0.0625,44,0.34375,84,0.65625
-86.1525,39.771,21361,7064,0.330696128,814,0.03810683,7878,0.368802959,13483,0.631197041,154,47,0.305194805,13,0.084415584,60,0.38961039,94,0.61038961
-86.1525,39.7715,2487,776,0.312022517,466,0.187374347,1242,0.499396864,1245,0.500603136,117,34,0.290598291,21,0.179487179,55,0.47008547,62,0.52991453
-86.1525,39.772,1282,474,0.369734789,270,0.210608424,744,0.580343214,538,0.419656786,41,12,0.292682927,9,0.219512195,21,0.512195122,20,0.487804878
-86.1525,39.7725,4811,1977,0.410933278,1033,0.214716275,3010,0.625649553,1801,0.374350447,68,17,0.25,12,0.176470588,29,0.426470588,39,0.573529412
-86.1525,39.773,179,0,0,0,0,0,0,179,1,8,0,0,0,0,0,0,8,1
-86.1525,39.7735,5789,0,0,0,0,0,0,5789,1,17,0,0,0,0,0,0,17,1
-86.1525,39.774,328,0,0,0,0,0,0,328,1,4,0,0,0,0,0,0,4,1
-86.1525,39.775,3765,895,0.237715803,640,0.16998672,1535,0.407702523,2230,0.592297477,60,18,0.3,9,0.15,27,0.45,33,0.55
-86.1525,39.7775,2793,0,0,532,0.19047619,532,0.19047619,2261,0.80952381,24,0,0,8,0.333333333,8,0.333333333,16,0.666666667
-86.152,39.761,798,253,0.317042607,112,0.140350877,365,0.457393484,433,0.542606516,22,7,0.318181818,3,0.136363636,10,0.454545455,12,0.545454545
-86.152,39.7635,235,0,0,40,0.170212766,40,0.170212766,195,0.829787234,5,0,0,1,0.2,1,0.2,4,0.8
-86.152,39.7655,1892,101,0.053382664,167,0.088266385,268,0.141649049,1624,0.858350951,40,4,0.1,5,0.125,9,0.225,31,0.775
-86.152,39.766,267,21,0.078651685,25,0.093632959,46,0.172284644,221,0.827715356,30,2,0.066666667,3,0.1,5,0.166666667,25,0.833333333
-86.152,39.767,437,295,0.675057208,83,0.18993135,378,0.864988558,59,0.135011442,15,6,0.4,4,0.266666667,10,0.666666667,5,0.333333333
-86.152,39.768,853,142,0.166471278,108,0.126611958,250,0.293083236,603,0.706916764,8,2,0.25,1,0.125,3,0.375,5,0.625
-86.152,39.7695,11587,9026,0.778976439,1804,0.155691723,10830,0.934668163,757,0.065331837,43,23,0.534883721,10,0.23255814,33,0.76744186,10,0.23255814
-86.152,39.771,5482,4714,0.859905144,152,0.027727107,4866,0.887632251,616,0.112367749,57,31,0.543859649,3,0.052631579,34,0.596491228,23,0.403508772
-86.152,39.7715,4373,3561,0.814315115,272,0.062199863,3833,0.876514978,540,0.123485022,121,54,0.446280992,14,0.115702479,68,0.561983471,53,0.438016529
-86.152,39.772,3400,1538,0.452352941,454,0.133529412,1992,0.585882353,1408,0.414117647,77,26,0.337662338,15,0.194805195,41,0.532467532,36,0.467532468
-86.152,39.7725,11384,2924,0.256851722,3885,0.341268447,6809,0.598120169,4575,0.401879831,148,32,0.216216216,35,0.236486486,67,0.452702703,81,0.547297297
-86.152,39.773,3914,47,0.012008176,234,0.059785386,281,0.071793562,3633,0.928206438,132,5,0.037878788,8,0.060606061,13,0.098484848,119,0.901515152
-86.152,39.7735,9152,125,0.013658217,576,0.062937063,701,0.07659528,8451,0.92340472,86,11,0.127906977,7,0.081395349,18,0.209302326,68,0.790697674
-86.152,39.774,12517,127,0.010146201,1197,0.095629943,1324,0.105776144,11193,0.894223856,98,9,0.091836735,9,0.091836735,18,0.183673469,80,0.816326531
-86.152,39.7745,1798,354,0.196885428,87,0.048387097,441,0.245272525,1357,0.754727475,60,15,0.25,4,0.066666667,19,0.316666667,41,0.683333333
-86.152,39.775,7516,2547,0.338877062,1380,0.183608302,3927,0.522485365,3589,0.477514635,101,30,0.297029703,18,0.178217822,48,0.475247525,53,0.524752475
-86.152,39.7755,6158,2371,0.385027606,938,0.152322183,3309,0.537349789,2849,0.462650211,72,11,0.152777778,16,0.222222222,27,0.375,45,0.625
-86.152,39.776,827,0,0,220,0.266021765,220,0.266021765,607,0.733978235,32,0,0,10,0.3125,10,0.3125,22,0.6875
-86.152,39.7765,725,0,0,304,0.419310345,304,0.419310345,421,0.580689655,16,0,0,5,0.3125,5,0.3125,11,0.6875
-86.152,39.777,929,0,0,497,0.534983854,497,0.534983854,432,0.465016146,15,0,0,5,0.333333333,5,0.333333333,10,0.666666667
-86.152,39.7775,6183,0,0,2083,0.336891477,2083,0.336891477,4100,0.663108523,27,0,0,6,0.222222222,6,0.222222222,21,0.777777778
-86.152,39.7785,753,0,0,560,0.743691899,560,0.743691899,193,0.256308101,3,0,0,1,0.333333333,1,0.333333333,2,0.666666667
-86.152,39.78,156,0,0,0,0,0,0,156,1,2,0,0,0,0,0,0,2,1
-86.152,39.7805,74,0,0,0,0,0,0,74,1,2,0,0,0,0,0,0,2,1
-86.1515,39.761,791,186,0.235145386,161,0.203539823,347,0.438685209,444,0.561314791,23,5,0.217391304,6,0.260869565,11,0.47826087,12,0.52173913
-86.1515,39.763,485,0,0,43,0.088659794,43,0.088659794,442,0.911340206,5,0,0,1,0.2,1,0.2,4,0.8
-86.1515,39.766,1844,167,0.090563991,123,0.06670282,290,0.157266811,1554,0.842733189,73,17,0.232876712,3,0.04109589,20,0.273972603,53,0.726027397
-86.1515,39.7665,3900,2825,0.724358974,55,0.014102564,2880,0.738461538,1020,0.261538462,93,40,0.430107527,2,0.021505376,42,0.451612903,51,0.548387097
-86.1515,39.767,853,771,0.903868699,70,0.082063306,841,0.985932005,12,0.014067995,12,6,0.5,3,0.25,9,0.75,3,0.25
-86.1515,39.768,325,2,0.006153846,57,0.175384615,59,0.181538462,266,0.818461538,15,1,0.066666667,3,0.2,4,0.266666667,11,0.733333333
-86.1515,39.7695,4229,2914,0.689051785,1020,0.241191771,3934,0.930243556,295,0.069756444,90,47,0.522222222,11,0.122222222,58,0.644444444,32,0.355555556
-86.1515,39.771,10464,9356,0.89411315,65,0.006211774,9421,0.900324924,1043,0.099675076,68,33,0.485294118,4,0.058823529,37,0.544117647,31,0.455882353
-86.1515,39.7725,156,84,0.538461538,72,0.461538462,156,1,0,0,2,1,0.5,1,0.5,2,1,0,0
-86.1515,39.7735,5304,230,0.043363499,1168,0.220211161,1398,0.263574661,3906,0.736425339,87,14,0.16091954,30,0.344827586,44,0.505747126,43,0.494252874
-86.1515,39.775,2402,692,0.288093256,550,0.228975853,1242,0.517069109,1160,0.482930891,56,8,0.142857143,18,0.321428571,26,0.464285714,30,0.535714286
-86.1515,39.7775,6561,0,0,1692,0.257887517,1692,0.257887517,4869,0.742112483,47,0,0,12,0.255319149,12,0.255319149,35,0.744680851
-86.151,39.761,942,184,0.195329087,213,0.22611465,397,0.421443737,545,0.578556263,29,6,0.206896552,4,0.137931034,10,0.344827586,19,0.655172414
-86.151,39.7625,732,0,0,38,0.051912568,38,0.051912568,694,0.948087432,5,0,0,1,0.2,1,0.2,4,0.8
-86.151,39.7665,10435,8350,0.800191663,193,0.018495448,8543,0.818687111,1892,0.181312889,132,68,0.515151515,5,0.037878788,73,0.553030303,59,0.446969697
-86.151,39.767,68,51,0.75,17,0.25,68,1,0,0,2,1,0.5,1,0.5,2,1,0,0
-86.151,39.768,375,0,0,148,0.394666667,148,0.394666667,227,0.605333333,6,0,0,2,0.333333333,2,0.333333333,4,0.666666667
-86.151,39.7695,6612,3830,0.579249849,1860,0.281306715,5690,0.860556564,922,0.139443436,169,76,0.449704142,28,0.165680473,104,0.615384615,65,0.384615385
-86.151,39.771,3772,925,0.245227996,571,0.151378579,1496,0.396606575,2276,0.603393425,44,12,0.272727273,11,0.25,23,0.522727273,21,0.477272727
-86.151,39.7735,2246,618,0.275155833,1114,0.495992876,1732,0.771148709,514,0.228851291,59,20,0.338983051,18,0.305084746,38,0.644067797,21,0.355932203
-86.151,39.775,1989,264,0.132730015,533,0.267973856,797,0.400703871,1192,0.599296129,70,11,0.157142857,17,0.242857143,28,0.4,42,0.6
-86.151,39.7775,1427,0,0,486,0.340574632,486,0.340574632,941,0.659425368,25,0,0,10,0.4,10,0.4,15,0.6
-86.1505,39.761,1758,70,0.039817975,444,0.252559727,514,0.292377702,1244,0.707622298,33,2,0.060606061,12,0.363636364,14,0.424242424,19,0.575757576
-86.1505,39.762,355,0,0,33,0.092957746,33,0.092957746,322,0.907042254,5,0,0,1,0.2,1,0.2,4,0.8
-86.1505,39.7625,222,0,0,16,0.072072072,16,0.072072072,206,0.927927928,5,0,0,1,0.2,1,0.2,4,0.8
-86.1505,39.7665,7332,4988,0.68030551,915,0.124795417,5903,0.805100927,1429,0.194899073,93,55,0.591397849,12,0.129032258,67,0.720430108,26,0.279569892
-86.1505,39.767,4050,2329,0.575061728,1188,0.293333333,3517,0.868395062,533,0.131604938,61,30,0.491803279,14,0.229508197,44,0.721311475,17,0.278688525
-86.1505,39.7675,3117,1551,0.49759384,607,0.194738531,2158,0.692332371,959,0.307667629,124,58,0.467741935,22,0.177419355,80,0.64516129,44,0.35483871
-86.1505,39.768,7529,4282,0.568734228,1706,0.226590517,5988,0.795324744,1541,0.204675256,79,37,0.46835443,15,0.189873418,52,0.658227848,27,0.341772152
-86.1505,39.7685,2888,2213,0.766274238,525,0.181786704,2738,0.948060942,150,0.051939058,48,28,0.583333333,11,0.229166667,39,0.8125,9,0.1875
-86.1505,39.769,8887,1559,0.175424778,1134,0.127602115,2693,0.303026893,6194,0.696973107,88,28,0.318181818,21,0.238636364,49,0.556818182,39,0.443181818
-86.1505,39.7695,15827,1494,0.094395653,7101,0.448663676,8595,0.543059329,7232,0.456940671,85,14,0.164705882,23,0.270588235,37,0.435294118,48,0.564705882
-86.1505,39.77,2936,42,0.014305177,1032,0.351498638,1074,0.365803815,1862,0.634196185,49,3,0.06122449,18,0.367346939,21,0.428571429,28,0.571428571
-86.1505,39.7705,4324,0,0,1822,0.421369103,1822,0.421369103,2502,0.578630897,58,0,0,27,0.465517241,27,0.465517241,31,0.534482759
-86.1505,39.771,14713,315,0.021409638,6880,0.467613675,7195,0.489023313,7518,0.510976687,233,10,0.042918455,109,0.467811159,119,0.510729614,114,0.489270386
-86.1505,39.7715,6301,0,0,4049,0.642596413,4049,0.642596413,2252,0.357403587,137,0,0,68,0.496350365,68,0.496350365,69,0.503649635
-86.1505,39.772,6556,7,0.001067724,2955,0.450732154,2962,0.451799878,3594,0.548200122,188,1,0.005319149,87,0.462765957,88,0.468085106,100,0.531914894
-86.1505,39.7725,5540,31,0.005595668,2661,0.48032491,2692,0.485920578,2848,0.514079422,140,1,0.007142857,74,0.528571429,75,0.535714286,65,0.464285714
-86.1505,39.773,10496,882,0.084032012,4602,0.438452744,5484,0.522484756,5012,0.477515244,93,3,0.032258065,46,0.494623656,49,0.52688172,44,0.47311828
-86.1505,39.7735,26852,8284,0.308505884,8085,0.301094891,16369,0.609600775,10483,0.390399225,169,54,0.319526627,38,0.224852071,92,0.544378698,77,0.455621302
-86.1505,39.774,3408,987,0.289612676,684,0.200704225,1671,0.490316901,1737,0.509683099,73,24,0.328767123,11,0.150684932,35,0.479452055,38,0.520547945
-86.1505,39.7745,3702,1389,0.375202593,539,0.145596975,1928,0.520799568,1774,0.479200432,83,16,0.192771084,21,0.253012048,37,0.445783133,46,0.554216867
-86.1505,39.775,7920,545,0.068813131,3748,0.473232323,4293,0.542045455,3627,0.457954545,164,15,0.091463415,47,0.286585366,62,0.37804878,102,0.62195122
-86.1505,39.7755,830,7,0.008433735,209,0.251807229,216,0.260240964,614,0.739759036,52,1,0.019230769,12,0.230769231,13,0.25,39,0.75
-86.1505,39.7775,1737,0,0,605,0.34830167,605,0.34830167,1132,0.65169833,21,0,0,7,0.333333333,7,0.333333333,14,0.666666667
-86.1505,39.7795,191,0,0,5,0.02617801,5,0.02617801,186,0.97382199,6,0,0,1,0.166666667,1,0.166666667,5,0.833333333
-86.15,39.761,830,27,0.03253012,248,0.298795181,275,0.331325301,555,0.668674699,18,2,0.111111111,5,0.277777778,7,0.388888889,11,0.611111111
-86.15,39.7615,203,0,0,18,0.088669951,18,0.088669951,185,0.911330049,5,0,0,1,0.2,1,0.2,4,0.8
-86.15,39.762,292,0,0,28,0.095890411,28,0.095890411,264,0.904109589,5,0,0,1,0.2,1,0.2,4,0.8
-86.15,39.7665,5004,1939,0.387490008,2588,0.517186251,4527,0.904676259,477,0.095323741,113,37,0.327433628,35,0.309734513,72,0.637168142,41,0.362831858
-86.15,39.7695,864,67,0.077546296,0,0,67,0.077546296,797,0.922453704,16,4,0.25,0,0,4,0.25,12,0.75
-86.15,39.771,744,0,0,0,0,0,0,744,1,23,0,0,0,0,0,0,23,1
-86.15,39.7735,2471,1615,0.653581546,0,0,1615,0.653581546,856,0.346418454,29,10,0.344827586,0,0,10,0.344827586,19,0.655172414
-86.15,39.775,3671,94,0.025606102,2956,0.805230183,3050,0.830836284,621,0.169163716,57,3,0.052631579,22,0.385964912,25,0.438596491,32,0.561403509
-86.15,39.7755,1217,34,0.027937551,314,0.258011504,348,0.285949055,869,0.714050945,70,2,0.028571429,15,0.214285714,17,0.242857143,53,0.757142857
-86.15,39.776,2641,73,0.027641045,1008,0.381673608,1081,0.409314654,1560,0.590685346,42,2,0.047619048,13,0.30952381,15,0.357142857,27,0.642857143
-86.15,39.7765,2777,0,0,785,0.28267915,785,0.28267915,1992,0.71732085,37,0,0,16,0.432432432,16,0.432432432,21,0.567567568
-86.15,39.777,1828,0,0,632,0.345733042,632,0.345733042,1196,0.654266958,27,0,0,11,0.407407407,11,0.407407407,16,0.592592593
-86.15,39.7775,4766,0,0,1762,0.369702056,1762,0.369702056,3004,0.630297944,27,0,0,9,0.333333333,9,0.333333333,18,0.666666667
-86.1495,39.761,3869,0,0,332,0.085810287,332,0.085810287,3537,0.914189713,13,0,0,6,0.461538462,6,0.461538462,7,0.538461538
-86.1495,39.7615,1144,0,0,44,0.038461538,44,0.038461538,1100,0.961538462,5,0,0,1,0.2,1,0.2,4,0.8
-86.1495,39.7665,3266,814,0.249234538,774,0.23698714,1588,0.486221678,1678,0.513778322,85,29,0.341176471,23,0.270588235,52,0.611764706,33,0.388235294
-86.1495,39.7695,571,2,0.003502627,74,0.129597198,76,0.133099825,495,0.866900175,17,1,0.058823529,3,0.176470588,4,0.235294118,13,0.764705882
-86.1495,39.771,736,0,0,19,0.025815217,19,0.025815217,717,0.974184783,43,0,0,1,0.023255814,1,0.023255814,42,0.976744186
-86.1495,39.7735,643,3,0.00466563,0,0,3,0.00466563,640,0.99533437,16,1,0.0625,0,0,1,0.0625,15,0.9375
-86.1495,39.775,1057,8,0.00756859,751,0.710501419,759,0.718070009,298,0.281929991,24,1,0.041666667,14,0.583333333,15,0.625,9,0.375
-86.1495,39.7775,940,0,0,120,0.127659574,120,0.127659574,820,0.872340426,12,0,0,3,0.25,3,0.25,9,0.75
-86.149,39.761,3340,0,0,401,0.12005988,401,0.12005988,2939,0.87994012,14,0,0,6,0.428571429,6,0.428571429,8,0.571428571
-86.149,39.7615,5699,0,0,2597,0.455693981,2597,0.455693981,3102,0.544306019,9,0,0,4,0.444444444,4,0.444444444,5,0.555555556
-86.149,39.762,1010,0,0,273,0.27029703,273,0.27029703,737,0.72970297,9,0,0,4,0.444444444,4,0.444444444,5,0.555555556
-86.149,39.7625,828,0,0,250,0.301932367,250,0.301932367,578,0.698067633,9,0,0,4,0.444444444,4,0.444444444,5,0.555555556
-86.149,39.763,791,0,0,237,0.299620733,237,0.299620733,554,0.700379267,9,0,0,4,0.444444444,4,0.444444444,5,0.555555556
-86.149,39.7635,805,0,0,234,0.29068323,234,0.29068323,571,0.70931677,9,0,0,4,0.444444444,4,0.444444444,5,0.555555556
-86.149,39.764,2020,0,0,228,0.112871287,228,0.112871287,1792,0.887128713,14,0,0,6,0.428571429,6,0.428571429,8,0.571428571
-86.149,39.7645,806,79,0.098014888,201,0.249379653,280,0.347394541,526,0.652605459,34,3,0.088235294,9,0.264705882,12,0.352941176,22,0.647058824
-86.149,39.765,799,146,0.182728411,203,0.254067584,349,0.436795995,450,0.563204005,21,4,0.19047619,5,0.238095238,9,0.428571429,12,0.571428571
-86.149,39.7655,820,215,0.262195122,182,0.22195122,397,0.484146341,423,0.515853659,25,4,0.16,9,0.36,13,0.52,12,0.48
-86.149,39.766,918,308,0.335511983,152,0.165577342,460,0.501089325,458,0.498910675,31,10,0.322580645,5,0.161290323,15,0.483870968,16,0.516129032
-86.149,39.7665,6613,3041,0.459851807,2231,0.337365795,5272,0.797217602,1341,0.202782398,69,21,0.304347826,22,0.31884058,43,0.623188406,26,0.376811594
-86.149,39.767,3227,1160,0.359466997,1033,0.320111559,2193,0.679578556,1034,0.320421444,41,10,0.243902439,16,0.390243902,26,0.634146341,15,0.365853659
-86.149,39.7675,1745,49,0.028080229,776,0.44469914,825,0.47277937,920,0.52722063,36,1,0.027777778,15,0.416666667,16,0.444444444,20,0.555555556
-86.149,39.768,3042,567,0.186390533,935,0.307363577,1502,0.493754109,1540,0.506245891,60,2,0.033333333,31,0.516666667,33,0.55,27,0.45
-86.149,39.7685,3831,32,0.00835291,2308,0.602453667,2340,0.610806578,1491,0.389193422,89,1,0.011235955,52,0.584269663,53,0.595505618,36,0.404494382
-86.149,39.769,1071,0,0,843,0.787114846,843,0.787114846,228,0.212885154,48,0,0,28,0.583333333,28,0.583333333,20,0.416666667
-86.149,39.7695,2999,0,0,1166,0.388796265,1166,0.388796265,1833,0.611203735,29,0,0,15,0.517241379,15,0.517241379,14,0.482758621
-86.149,39.771,2086,0,0,70,0.033557047,70,0.033557047,2016,0.966442953,46,0,0,6,0.130434783,6,0.130434783,40,0.869565217
-86.149,39.7735,499,0,0,0,0,0,0,499,1,9,0,0,0,0,0,0,9,1
-86.149,39.775,14843,0,0,9599,0.646702149,9599,0.646702149,5244,0.353297851,26,0,0,16,0.615384615,16,0.615384615,10,0.384615385
-86.149,39.7775,1325,0,0,70,0.052830189,70,0.052830189,1255,0.947169811,14,0,0,2,0.142857143,2,0.142857143,12,0.857142857
-86.1485,39.761,250,0,0,0,0,0,0,250,1,2,0,0,0,0,0,0,2,1
-86.1485,39.7665,3978,1903,0.478381096,782,0.196581197,2685,0.674962293,1293,0.325037707,18,6,0.333333333,6,0.333333333,12,0.666666667,6,0.333333333
-86.1485,39.767,1035,499,0.482125604,350,0.338164251,849,0.820289855,186,0.179710145,4,1,0.25,1,0.25,2,0.5,2,0.5
-86.1485,39.7675,391,0,0,150,0.383631714,150,0.383631714,241,0.616368286,3,0,0,1,0.333333333,1,0.333333333,2,0.666666667
-86.1485,39.768,2099,0,0,1220,0.581229157,1220,0.581229157,879,0.418770843,48,0,0,31,0.645833333,31,0.645833333,17,0.354166667
-86.1485,39.7685,3058,19,0.006213211,857,0.280248528,876,0.28646174,2182,0.71353826,71,2,0.028169014,42,0.591549296,44,0.61971831,27,0.38028169
-86.1485,39.769,3312,0,0,2021,0.610205314,2021,0.610205314,1291,0.389794686,117,0,0,69,0.58974359,69,0.58974359,48,0.41025641
-86.1485,39.7695,12218,0,0,8925,0.73047962,8925,0.73047962,3293,0.26952038,164,0,0,101,0.615853659,101,0.615853659,63,0.384146341
-86.1485,39.77,6738,0,0,2713,0.402641733,2713,0.402641733,4025,0.597358267,98,0,0,45,0.459183673,45,0.459183673,53,0.540816327
-86.1485,39.7705,4102,0,0,1577,0.384446611,1577,0.384446611,2525,0.615553389,46,0,0,23,0.5,23,0.5,23,0.5
-86.1485,39.771,6782,0,0,2634,0.388381009,2634,0.388381009,4148,0.611618991,60,0,0,27,0.45,27,0.45,33,0.55
-86.1485,39.7715,3637,0,0,1833,0.503986802,1833,0.503986802,1804,0.496013198,52,0,0,34,0.653846154,34,0.653846154,18,0.346153846
-86.1485,39.772,3381,0,0,2149,0.635610766,2149,0.635610766,1232,0.364389234,70,0,0,52,0.742857143,52,0.742857143,18,0.257142857
-86.1485,39.7725,5346,0,0,3533,0.660867939,3533,0.660867939,1813,0.339132061,57,0,0,38,0.666666667,38,0.666666667,19,0.333333333
-86.1485,39.773,4233,0,0,3503,0.827545476,3503,0.827545476,730,0.172454524,61,0,0,47,0.770491803,47,0.770491803,14,0.229508197
-86.1485,39.7735,7901,0,0,3406,0.431084673,3406,0.431084673,4495,0.568915327,48,0,0,26,0.541666667,26,0.541666667,22,0.458333333
-86.1485,39.774,8599,0,0,5006,0.582160716,5006,0.582160716,3593,0.417839284,36,0,0,23,0.638888889,23,0.638888889,13,0.361111111
-86.1485,39.7745,2603,0,0,1641,0.630426431,1641,0.630426431,962,0.369573569,59,0,0,35,0.593220339,35,0.593220339,24,0.406779661
-86.1485,39.775,8735,0,0,6575,0.752718947,6575,0.752718947,2160,0.247281053,65,0,0,37,0.569230769,37,0.569230769,28,0.430769231
-86.1485,39.7755,3991,0,0,435,0.108995239,435,0.108995239,3556,0.891004761,26,0,0,4,0.153846154,4,0.153846154,22,0.846153846
-86.1485,39.776,648,0,0,92,0.141975309,92,0.141975309,556,0.858024691,15,0,0,2,0.133333333,2,0.133333333,13,0.866666667
-86.1485,39.7765,766,0,0,55,0.071801567,55,0.071801567,711,0.928198433,13,0,0,2,0.153846154,2,0.153846154,11,0.846153846
-86.1485,39.777,1774,0,0,48,0.027057497,48,0.027057497,1726,0.972942503,15,0,0,3,0.2,3,0.2,12,0.8
-86.1485,39.7775,6698,0,0,530,0.079128098,530,0.079128098,6168,0.920871902,34,0,0,3,0.088235294,3,0.088235294,31,0.911764706
-86.1485,39.778,1260,0,0,72,0.057142857,72,0.057142857,1188,0.942857143,24,0,0,6,0.25,6,0.25,18,0.75
-86.1485,39.7785,683,0,0,78,0.11420205,78,0.11420205,605,0.88579795,18,0,0,1,0.055555556,1,0.055555556,17,0.944444444
-86.1485,39.779,670,0,0,59,0.088059701,59,0.088059701,611,0.911940299,26,0,0,3,0.115384615,3,0.115384615,23,0.884615385
-86.1485,39.7795,685,0,0,22,0.032116788,22,0.032116788,663,0.967883212,23,0,0,1,0.043478261,1,0.043478261,22,0.956521739
-86.1485,39.78,820,0,0,0,0,0,0,820,1,14,0,0,0,0,0,0,14,1
-86.1485,39.7805,5612,0,0,0,0,0,0,5612,1,14,0,0,0,0,0,0,14,1
-86.148,39.761,215,0,0,0,0,0,0,215,1,3,0,0,0,0,0,0,3,1
-86.148,39.7665,564,185,0.328014184,186,0.329787234,371,0.657801418,193,0.342198582,15,3,0.2,6,0.4,9,0.6,6,0.4
-86.148,39.768,738,0,0,545,0.738482385,545,0.738482385,193,0.261517615,37,0,0,27,0.72972973,27,0.72972973,10,0.27027027
-86.148,39.7695,575,0,0,512,0.890434783,512,0.890434783,63,0.109565217,18,0,0,12,0.666666667,12,0.666666667,6,0.333333333
-86.148,39.771,520,0,0,0,0,0,0,520,1,15,0,0,0,0,0,0,15,1
-86.148,39.7715,110,0,0,110,1,110,1,0,0,2,0,0,2,1,2,1,0,0
-86.148,39.7725,1624,0,0,1365,0.840517241,1365,0.840517241,259,0.159482759,39,0,0,34,0.871794872,34,0.871794872,5,0.128205128
-86.148,39.7735,1156,0,0,0,0,0,0,1156,1,11,0,0,0,0,0,0,11,1
-86.148,39.775,1542,0,0,1248,0.809338521,1248,0.809338521,294,0.190661479,43,0,0,28,0.651162791,28,0.651162791,15,0.348837209
-86.148,39.7775,1512,0,0,46,0.03042328,46,0.03042328,1466,0.96957672,12,0,0,1,0.083333333,1,0.083333333,11,0.916666667
-86.148,39.7805,781,0,0,0,0,0,0,781,1,18,0,0,0,0,0,0,18,1
-86.1475,39.761,203,0,0,0,0,0,0,203,1,2,0,0,0,0,0,0,2,1
-86.1475,39.7665,467,21,0.04496788,220,0.471092077,241,0.516059957,226,0.483940043,20,2,0.1,9,0.45,11,0.55,9,0.45
-86.1475,39.768,752,0,0,542,0.720744681,542,0.720744681,210,0.279255319,35,0,0,19,0.542857143,19,0.542857143,16,0.457142857
-86.1475,39.7695,569,0,0,525,0.922671353,525,0.922671353,44,0.077328647,16,0,0,13,0.8125,13,0.8125,3,0.1875
-86.1475,39.771,528,0,0,62,0.117424242,62,0.117424242,466,0.882575758,15,0,0,2,0.133333333,2,0.133333333,13,0.866666667
-86.1475,39.7715,107,0,0,107,1,107,1,0,0,2,0,0,2,1,2,1,0,0
-86.1475,39.7725,1960,0,0,1562,0.796938776,1562,0.796938776,398,0.203061224,32,0,0,27,0.84375,27,0.84375,5,0.15625
-86.1475,39.7735,447,0,0,0,0,0,0,447,1,11,0,0,0,0,0,0,11,1
-86.1475,39.775,785,0,0,556,0.708280255,556,0.708280255,229,0.291719745,10,0,0,7,0.7,7,0.7,3,0.3
-86.1475,39.7755,83,0,0,0,0,0,0,83,1,2,0,0,0,0,0,0,2,1
-86.1475,39.7775,837,0,0,22,0.026284349,22,0.026284349,815,0.973715651,15,0,0,1,0.066666667,1,0.066666667,14,0.933333333
-86.1475,39.7805,626,0,0,0,0,0,0,626,1,15,0,0,0,0,0,0,15,1
-86.147,39.761,206,0,0,0,0,0,0,206,1,12,0,0,0,0,0,0,12,1
-86.147,39.7665,490,0,0,282,0.575510204,282,0.575510204,208,0.424489796,16,0,0,10,0.625,10,0.625,6,0.375
-86.147,39.768,934,0,0,733,0.784796574,733,0.784796574,201,0.215203426,17,0,0,10,0.588235294,10,0.588235294,7,0.411764706
-86.147,39.7685,71,0,0,71,1,71,1,0,0,2,0,0,2,1,2,1,0,0
-86.147,39.769,82,0,0,82,1,82,1,0,0,1,0,0,1,1,1,1,0,0
-86.147,39.7695,685,0,0,636,0.928467153,636,0.928467153,49,0.071532847,25,0,0,20,0.8,20,0.8,5,0.2
-86.147,39.771,595,0,0,104,0.174789916,104,0.174789916,491,0.825210084,30,0,0,5,0.166666667,5,0.166666667,25,0.833333333
-86.147,39.7715,209,0,0,191,0.913875598,191,0.913875598,18,0.086124402,6,0,0,4,0.666666667,4,0.666666667,2,0.333333333
-86.147,39.772,1580,0,0,837,0.529746835,837,0.529746835,743,0.470253165,8,0,0,3,0.375,3,0.375,5,0.625
-86.147,39.7725,3110,0,0,2295,0.737942122,2295,0.737942122,815,0.262057878,61,0,0,34,0.557377049,34,0.557377049,27,0.442622951
-86.147,39.7735,593,0,0,40,0.067453626,40,0.067453626,553,0.932546374,12,0,0,1,0.083333333,1,0.083333333,11,0.916666667
-86.147,39.775,1435,0,0,654,0.455749129,654,0.455749129,781,0.544250871,10,0,0,7,0.7,7,0.7,3,0.3
-86.147,39.7775,801,0,0,0,0,0,0,801,1,13,0,0,0,0,0,0,13,1
-86.147,39.7805,641,0,0,0,0,0,0,641,1,16,0,0,0,0,0,0,16,1
-86.1465,39.761,228,0,0,0,0,0,0,228,1,4,0,0,0,0,0,0,4,1
-86.1465,39.7665,444,0,0,269,0.605855856,269,0.605855856,175,0.394144144,15,0,0,7,0.466666667,7,0.466666667,8,0.533333333
-86.1465,39.768,690,0,0,567,0.82173913,567,0.82173913,123,0.17826087,13,0,0,9,0.692307692,9,0.692307692,4,0.307692308
-86.1465,39.7695,523,0,0,441,0.843212237,441,0.843212237,82,0.156787763,16,0,0,11,0.6875,11,0.6875,5,0.3125
-86.1465,39.771,696,0,0,244,0.350574713,244,0.350574713,452,0.649425287,31,0,0,11,0.35483871,11,0.35483871,20,0.64516129
-86.1465,39.7725,2188,0,0,1063,0.48583181,1063,0.48583181,1125,0.51416819,44,0,0,19,0.431818182,19,0.431818182,25,0.568181818
-86.1465,39.7735,388,0,0,48,0.12371134,48,0.12371134,340,0.87628866,21,0,0,2,0.095238095,2,0.095238095,19,0.904761905
-86.1465,39.775,1237,0,0,930,0.751818917,930,0.751818917,307,0.248181083,10,0,0,7,0.7,7,0.7,3,0.3
-86.1465,39.7765,266,0,0,0,0,0,0,266,1,1,0,0,0,0,0,0,1,1
-86.1465,39.7775,807,0,0,0,0,0,0,807,1,13,0,0,0,0,0,0,13,1
-86.1465,39.7805,689,0,0,0,0,0,0,689,1,12,0,0,0,0,0,0,12,1
-86.146,39.761,569,0,0,0,0,0,0,569,1,2,0,0,0,0,0,0,2,1
-86.146,39.7665,503,0,0,269,0.534791252,269,0.534791252,234,0.465208748,18,0,0,9,0.5,9,0.5,9,0.5
-86.146,39.768,898,0,0,777,0.865256125,777,0.865256125,121,0.134743875,15,0,0,8,0.533333333,8,0.533333333,7,0.466666667
-86.146,39.7695,570,0,0,484,0.849122807,484,0.849122807,86,0.150877193,13,0,0,11,0.846153846,11,0.846153846,2,0.153846154
-86.146,39.771,1745,0,0,1461,0.837249284,1461,0.837249284,284,0.162750716,18,0,0,8,0.444444444,8,0.444444444,10,0.555555556
-86.146,39.7725,2626,0,0,664,0.252856055,664,0.252856055,1962,0.747143945,33,0,0,12,0.363636364,12,0.363636364,21,0.636363636
-86.146,39.7735,420,0,0,76,0.180952381,76,0.180952381,344,0.819047619,19,0,0,2,0.105263158,2,0.105263158,17,0.894736842
-86.146,39.775,807,0,0,563,0.697645601,563,0.697645601,244,0.302354399,10,0,0,7,0.7,7,0.7,3,0.3
-86.146,39.7765,68,0,0,0,0,0,0,68,1,1,0,0,0,0,0,0,1,1
-86.146,39.7775,828,0,0,0,0,0,0,828,1,13,0,0,0,0,0,0,13,1
-86.146,39.7805,722,0,0,0,0,0,0,722,1,12,0,0,0,0,0,0,12,1
-86.1455,39.761,648,0,0,0,0,0,0,648,1,4,0,0,0,0,0,0,4,1
-86.1455,39.7615,351,0,0,45,0.128205128,45,0.128205128,306,0.871794872,5,0,0,2,0.4,2,0.4,3,0.6
-86.1455,39.762,335,0,0,104,0.310447761,104,0.310447761,231,0.689552239,18,0,0,7,0.388888889,7,0.388888889,11,0.611111111
-86.1455,39.766,388,0,0,123,0.317010309,123,0.317010309,265,0.682989691,14,0,0,7,0.5,7,0.5,7,0.5
-86.1455,39.7665,3349,0,0,1486,0.443714542,1486,0.443714542,1863,0.556285458,30,0,0,21,0.7,21,0.7,9,0.3
-86.1455,39.768,4316,0,0,2931,0.679101019,2931,0.679101019,1385,0.320898981,35,0,0,18,0.514285714,18,0.514285714,17,0.485714286
-86.1455,39.7685,866,0,0,722,0.833718245,722,0.833718245,144,0.166281755,16,0,0,9,0.5625,9,0.5625,7,0.4375
-86.1455,39.769,4937,0,0,3531,0.715211667,3531,0.715211667,1406,0.284788333,18,0,0,12,0.666666667,12,0.666666667,6,0.333333333
-86.1455,39.7695,2905,0,0,2313,0.796213425,2313,0.796213425,592,0.203786575,40,0,0,30,0.75,30,0.75,10,0.25
-86.1455,39.77,1275,0,0,885,0.694117647,885,0.694117647,390,0.305882353,19,0,0,10,0.526315789,10,0.526315789,9,0.473684211
-86.1455,39.7705,3904,0,0,2922,0.748463115,2922,0.748463115,982,0.251536885,16,0,0,8,0.5,8,0.5,8,0.5
-86.1455,39.771,2314,0,0,1648,0.71218669,1648,0.71218669,666,0.28781331,36,0,0,18,0.5,18,0.5,18,0.5
-86.1455,39.7715,742,0,0,585,0.788409704,585,0.788409704,157,0.211590296,12,0,0,7,0.583333333,7,0.583333333,5,0.416666667
-86.1455,39.772,640,0,0,446,0.696875,446,0.696875,194,0.303125,19,0,0,14,0.736842105,14,0.736842105,5,0.263157895
-86.1455,39.7725,4000,0,0,1912,0.478,1912,0.478,2088,0.522,25,0,0,10,0.4,10,0.4,15,0.6
-86.1455,39.7735,593,0,0,149,0.251264755,149,0.251264755,444,0.748735245,15,0,0,4,0.266666667,4,0.266666667,11,0.733333333
-86.1455,39.775,1000,0,0,666,0.666,666,0.666,334,0.334,10,0,0,7,0.7,7,0.7,3,0.3
-86.1455,39.777,736,0,0,75,0.101902174,75,0.101902174,661,0.898097826,4,0,0,1,0.25,1,0.25,3,0.75
-86.1455,39.7775,1622,0,0,0,0,0,0,1622,1,27,0,0,0,0,0,0,27,1
-86.1455,39.7805,769,0,0,21,0.027308192,21,0.027308192,748,0.972691808,14,0,0,1,0.071428571,1,0.071428571,13,0.928571429
-86.145,39.7665,391,0,0,346,0.884910486,346,0.884910486,45,0.115089514,6,0,0,5,0.833333333,5,0.833333333,1,0.166666667
-86.145,39.7695,438,0,0,429,0.979452055,429,0.979452055,9,0.020547945,6,0,0,4,0.666666667,4,0.666666667,2,0.333333333
-86.145,39.7705,896,0,0,451,0.503348214,451,0.503348214,445,0.496651786,7,0,0,3,0.428571429,3,0.428571429,4,0.571428571
-86.145,39.771,796,0,0,441,0.554020101,441,0.554020101,355,0.445979899,18,0,0,7,0.388888889,7,0.388888889,11,0.611111111
-86.145,39.7715,1125,0,0,702,0.624,702,0.624,423,0.376,19,0,0,9,0.473684211,9,0.473684211,10,0.526315789
-86.145,39.772,2787,0,0,2127,0.763186222,2127,0.763186222,660,0.236813778,49,0,0,24,0.489795918,24,0.489795918,25,0.510204082
-86.145,39.7725,2015,0,0,801,0.39751861,801,0.39751861,1214,0.60248139,38,0,0,16,0.421052632,16,0.421052632,22,0.578947368
-86.145,39.773,3203,0,0,841,0.262566344,841,0.262566344,2362,0.737433656,27,0,0,9,0.333333333,9,0.333333333,18,0.666666667
-86.145,39.7735,5722,0,0,1883,0.329080741,1883,0.329080741,3839,0.670919259,28,0,0,8,0.285714286,8,0.285714286,20,0.714285714
-86.145,39.774,813,0,0,295,0.362853629,295,0.362853629,518,0.637146371,13,0,0,6,0.461538462,6,0.461538462,7,0.538461538
-86.145,39.7745,849,0,0,325,0.382803298,325,0.382803298,524,0.617196702,47,0,0,19,0.404255319,19,0.404255319,28,0.595744681
-86.145,39.775,1942,0,0,578,0.297631308,578,0.297631308,1364,0.702368692,41,0,0,21,0.512195122,21,0.512195122,20,0.487804878
-86.145,39.7755,439,0,0,30,0.06833713,30,0.06833713,409,0.93166287,15,0,0,3,0.2,3,0.2,12,0.8
-86.145,39.776,424,0,0,93,0.219339623,93,0.219339623,331,0.780660377,6,0,0,1,0.166666667,1,0.166666667,5,0.833333333
-86.145,39.7765,637,0,0,110,0.172684458,110,0.172684458,527,0.827315542,6,0,0,1,0.166666667,1,0.166666667,5,0.833333333
-86.145,39.777,2521,0,0,1015,0.402618009,1015,0.402618009,1506,0.597381991,7,0,0,1,0.142857143,1,0.142857143,6,0.857142857
-86.145,39.7775,8997,0,0,217,0.024119151,217,0.024119151,8780,0.975880849,20,0,0,2,0.1,2,0.1,18,0.9
-86.145,39.778,1014,0,0,152,0.149901381,152,0.149901381,862,0.850098619,12,0,0,2,0.166666667,2,0.166666667,10,0.833333333
-86.145,39.7785,1093,0,0,137,0.125343092,137,0.125343092,956,0.874656908,12,0,0,2,0.166666667,2,0.166666667,10,0.833333333
-86.145,39.779,1602,0,0,155,0.096754057,155,0.096754057,1447,0.903245943,12,0,0,2,0.166666667,2,0.166666667,10,0.833333333
-86.145,39.7795,1314,0,0,242,0.184170472,242,0.184170472,1072,0.815829528,19,0,0,2,0.105263158,2,0.105263158,17,0.894736842
-86.145,39.78,2357,0,0,264,0.112006788,264,0.112006788,2093,0.887993212,32,0,0,7,0.21875,7,0.21875,25,0.78125
-86.145,39.7805,6246,0,0,566,0.090617996,566,0.090617996,5680,0.909382004,27,0,0,5,0.185185185,5,0.185185185,22,0.814814815