grid_lat,grid_lon,total_sample,mw_sample,mw_ratio,sub6_sample,sub6_ratio,5g_sample,5g_ratio,lte_sample,lte_ratio,total_cs_sample,mw_cs_sample,mw_cs_ratio,sub6_cs_sample,sub6_cs_ratio,5g_cs_sample,5g_cs_sample,lte_cs_sample,lte_cs_ratio
-86.167,39.7655,2379,0,0,2221,0.93358554,2221,0.93358554,158,0.06641446,36,0,0,31,0.861111111,31,0.861111111,5,0.138888889
-86.167,39.766,6742,0,0,6156,0.913082171,6156,0.913082171,586,0.086917829,70,0,0,59,0.842857143,59,0.842857143,11,0.157142857
-86.167,39.7665,1349,0,0,1192,0.883617494,1192,0.883617494,157,0.116382506,30,0,0,25,0.833333333,25,0.833333333,5,0.166666667
-86.167,39.767,2076,92,0.044315992,1635,0.787572254,1727,0.831888247,349,0.168111753,49,3,0.06122449,35,0.714285714,38,0.775510204,11,0.224489796
-86.167,39.7675,1058,182,0.172022684,326,0.308128544,508,0.480151229,550,0.519848771,22,5,0.227272727,9,0.409090909,14,0.636363636,8,0.363636364
-86.167,39.768,518,130,0.250965251,198,0.382239382,328,0.633204633,190,0.366795367,17,2,0.117647059,11,0.647058824,13,0.764705882,4,0.235294118
-86.167,39.7685,642,81,0.126168224,394,0.613707165,475,0.739875389,167,0.260124611,18,1,0.055555556,14,0.777777778,15,0.833333333,3,0.166666667
-86.167,39.769,400,73,0.1825,252,0.63,325,0.8125,75,0.1875,12,1,0.083333333,10,0.833333333,11,0.916666667,1,0.083333333
-86.167,39.7695,815,112,0.137423313,372,0.456441718,484,0.593865031,331,0.406134969,21,2,0.095238095,14,0.666666667,16,0.761904762,5,0.238095238
-86.167,39.77,617,0,0,334,0.541329011,334,0.541329011,283,0.458670989,13,0,0,7,0.538461538,7,0.538461538,6,0.461538462
-86.167,39.7705,508,0,0,301,0.592519685,301,0.592519685,207,0.407480315,14,0,0,9,0.642857143,9,0.642857143,5,0.357142857
-86.167,39.771,675,0,0,532,0.788148148,532,0.788148148,143,0.211851852,11,0,0,9,0.818181818,9,0.818181818,2,0.181818182
-86.167,39.7715,1539,0,0,1039,0.67511371,1039,0.67511371,500,0.32488629,15,0,0,12,0.8,12,0.8,3,0.2
-86.167,39.772,176,0,0,176,1,176,1,0,0,5,0,0,5,1,5,1,0,0
-86.167,39.7735,78,0,0,78,1,78,1,0,0,1,0,0,1,1,1,1,0,0
-86.167,39.774,3104,0,0,3064,0.987113402,3064,0.987113402,40,0.012886598,9,0,0,6,0.666666667,6,0.666666667,3,0.333333333
-86.167,39.776,61,0,0,0,0,0,0,61,1,3,0,0,0,0,0,0,3,1
-86.167,39.7765,337,0,0,0,0,0,0,337,1,9,0,0,0,0,0,0,9,1
-86.167,39.777,927,0,0,426,0.459546926,426,0.459546926,501,0.540453074,33,0,0,18,0.545454545,18,0.545454545,15,0.454545455
-86.167,39.7775,3023,186,0.061528283,1528,0.505458154,1714,0.566986437,1309,0.433013563,44,3,0.068181818,21,0.477272727,24,0.545454545,20,0.454545455
-86.1665,39.7655,537,0,0,491,0.91433892,491,0.91433892,46,0.08566108,12,0,0,11,0.916666667,11,0.916666667,1,0.083333333
-86.1665,39.7665,343,0,0,299,0.871720117,299,0.871720117,44,0.128279883,10,0,0,9,0.9,9,0.9,1,0.1
-86.1665,39.767,5418,0,0,5044,0.930970838,5044,0.930970838,374,0.069029162,105,0,0,84,0.8,84,0.8,21,0.2
-86.1665,39.7675,1042,0,0,919,0.881957774,919,0.881957774,123,0.118042226,22,0,0,17,0.772727273,17,0.772727273,5,0.227272727
-86.1665,39.768,964,0,0,873,0.90560166,873,0.90560166,91,0.09439834,27,0,0,22,0.814814815,22,0.814814815,5,0.185185185
-86.1665,39.7685,1046,0,0,898,0.858508604,898,0.858508604,148,0.141491396,37,0,0,28,0.756756757,28,0.756756757,9,0.243243243
-86.1665,39.769,1159,0,0,865,0.746333046,865,0.746333046,294,0.253666954,29,0,0,23,0.793103448,23,0.793103448,6,0.206896552
-86.1665,39.7695,1532,0,0,1014,0.661879896,1014,0.661879896,518,0.338120104,41,0,0,31,0.756097561,31,0.756097561,10,0.243902439
-86.1665,39.77,2564,762,0.297191888,956,0.372854914,1718,0.670046802,846,0.329953198,38,2,0.052631579,23,0.605263158,25,0.657894737,13,0.342105263
-86.1665,39.7705,509,95,0.186640472,318,0.62475442,413,0.811394892,96,0.188605108,10,2,0.2,6,0.6,8,0.8,2,0.2
-86.1665,39.771,1765,485,0.274787535,1020,0.577903683,1505,0.852691218,260,0.147308782,40,4,0.1,29,0.725,33,0.825,7,0.175
-86.1665,39.7715,12341,39,0.003160198,11303,0.915890122,11342,0.91905032,999,0.08094968,74,1,0.013513514,64,0.864864865,65,0.878378378,9,0.121621622
-86.1665,39.772,4124,0,0,3592,0.87099903,3592,0.87099903,532,0.12900097,56,0,0,48,0.857142857,48,0.857142857,8,0.142857143
-86.1665,39.7725,2740,10,0.003649635,2118,0.772992701,2128,0.776642336,612,0.223357664,48,1,0.020833333,39,0.8125,40,0.833333333,8,0.166666667
-86.1665,39.773,5391,384,0.071229827,4612,0.855499907,4996,0.926729735,395,0.073270265,51,4,0.078431373,39,0.764705882,43,0.843137255,8,0.156862745
-86.1665,39.7735,3446,177,0.0513639,3123,0.906268137,3300,0.957632037,146,0.042367963,54,4,0.074074074,44,0.814814815,48,0.888888889,6,0.111111111
-86.1665,39.774,6601,212,0.032116346,6220,0.942281473,6432,0.974397819,169,0.025602181,75,5,0.066666667,58,0.773333333,63,0.84,12,0.16
-86.1665,39.7745,4374,71,0.016232282,4107,0.938957476,4178,0.955189758,196,0.044810242,38,3,0.078947368,28,0.736842105,31,0.815789474,7,0.184210526
-86.1665,39.775,4423,24,0.005426181,3930,0.888537192,3954,0.893963373,469,0.106036627,36,3,0.083333333,23,0.638888889,26,0.722222222,10,0.277777778
-86.1665,39.7755,4622,141,0.030506274,2173,0.470142795,2314,0.50064907,2308,0.49935093,55,4,0.072727273,25,0.454545455,29,0.527272727,26,0.472727273
-86.1665,39.776,1770,0,0,905,0.511299435,905,0.511299435,865,0.488700565,34,0,0,18,0.529411765,18,0.529411765,16,0.470588235
-86.1665,39.7765,1093,0,0,864,0.790484904,864,0.790484904,229,0.209515096,27,0,0,17,0.62962963,17,0.62962963,10,0.37037037
-86.1665,39.777,506,0,0,458,0.90513834,458,0.90513834,48,0.09486166,18,0,0,16,0.888888889,16,0.888888889,2,0.111111111
-86.166,39.7655,495,0,0,450,0.909090909,450,0.909090909,45,0.090909091,11,0,0,10,0.909090909,10,0.909090909,1,0.090909091
-86.166,39.767,1073,0,0,938,0.874184529,938,0.874184529,135,0.125815471,49,0,0,41,0.836734694,41,0.836734694,8,0.163265306
-86.166,39.77,807,0,0,612,0.758364312,612,0.758364312,195,0.241635688,15,0,0,8,0.533333333,8,0.533333333,7,0.466666667
-86.166,39.771,484,0,0,484,1,484,1,0,0,14,0,0,14,1,14,1,0,0
-86.166,39.774,8693,150,0.017255263,8450,0.972046474,8600,0.989301737,93,0.010698263,74,2,0.027027027,62,0.837837838,64,0.864864865,10,0.135135135
-86.1655,39.7655,740,0,0,686,0.927027027,686,0.927027027,54,0.072972973,11,0,0,10,0.909090909,10,0.909090909,1,0.090909091
-86.1655,39.767,930,0,0,827,0.889247312,827,0.889247312,103,0.110752688,21,0,0,18,0.857142857,18,0.857142857,3,0.142857143
-86.1655,39.77,716,26,0.036312849,568,0.793296089,594,0.829608939,122,0.170391061,17,2,0.117647059,11,0.647058824,13,0.764705882,4,0.235294118
-86.1655,39.771,767,0,0,725,0.945241199,725,0.945241199,42,0.054758801,22,0,0,20,0.909090909,20,0.909090909,2,0.090909091
-86.1655,39.774,3315,0,0,3270,0.986425339,3270,0.986425339,45,0.013574661,47,0,0,45,0.957446809,45,0.957446809,2,0.042553191
-86.165,39.7655,454,0,0,405,0.892070485,405,0.892070485,49,0.107929515,9,0,0,8,0.888888889,8,0.888888889,1,0.111111111
-86.165,39.767,2576,0,0,1938,0.752329193,1938,0.752329193,638,0.247670807,41,0,0,30,0.731707317,30,0.731707317,11,0.268292683
-86.165,39.77,865,90,0.104046243,543,0.627745665,633,0.731791908,232,0.268208092,27,2,0.074074074,21,0.777777778,23,0.851851852,4,0.148148148
-86.165,39.771,674,0,0,564,0.836795252,564,0.836795252,110,0.163204748,19,0,0,17,0.894736842,17,0.894736842,2,0.105263158
-86.165,39.774,2002,0,0,1896,0.947052947,1896,0.947052947,106,0.052947053,39,0,0,36,0.923076923,36,0.923076923,3,0.076923077
-86.165,39.7745,448,0,0,440,0.982142857,440,0.982142857,8,0.017857143,3,0,0,2,0.666666667,2,0.666666667,1,0.333333333
-86.1645,39.7655,427,0,0,378,0.885245902,378,0.885245902,49,0.114754098,11,0,0,10,0.909090909,10,0.909090909,1,0.090909091
-86.1645,39.767,1084,0,0,984,0.907749077,984,0.907749077,100,0.092250923,24,0,0,21,0.875,21,0.875,3,0.125
-86.1645,39.77,878,219,0.249430524,368,0.419134396,587,0.66856492,291,0.33143508,42,7,0.166666667,23,0.547619048,30,0.714285714,12,0.285714286
-86.1645,39.771,679,0,0,526,0.77466863,526,0.77466863,153,0.22533137,24,0,0,19,0.791666667,19,0.791666667,5,0.208333333
-86.1645,39.774,6510,27,0.004147465,5943,0.912903226,5970,0.917050691,540,0.082949309,79,2,0.025316456,65,0.82278481,67,0.848101266,12,0.151898734
-86.164,39.7655,676,0,0,501,0.74112426,501,0.74112426,175,0.25887574,15,0,0,13,0.866666667,13,0.866666667,2,0.133333333
-86.164,39.767,906,0,0,812,0.896247241,812,0.896247241,94,0.103752759,20,0,0,17,0.85,17,0.85,3,0.15
-86.164,39.7695,605,0,0,416,0.687603306,416,0.687603306,189,0.312396694,4,0,0,2,0.5,2,0.5,2,0.5
-86.164,39.77,1027,109,0.106134372,520,0.506329114,629,0.612463486,398,0.387536514,31,3,0.096774194,18,0.580645161,21,0.677419355,10,0.322580645
-86.164,39.771,13834,12999,0.939641463,597,0.043154547,13596,0.98279601,238,0.01720399,32,1,0.03125,24,0.75,25,0.78125,7,0.21875
-86.164,39.774,3221,75,0.023284694,3060,0.950015523,3135,0.973300217,86,0.026699783,73,4,0.054794521,63,0.863013699,67,0.917808219,6,0.082191781
-86.1635,39.7655,447,0,0,389,0.870246085,389,0.870246085,58,0.129753915,14,0,0,13,0.928571429,13,0.928571429,1,0.071428571
-86.1635,39.767,935,0,0,842,0.900534759,842,0.900534759,93,0.099465241,20,0,0,17,0.85,17,0.85,3,0.15
-86.1635,39.7695,1039,808,0.777670837,115,0.110683349,923,0.888354187,116,0.111645813,11,3,0.272727273,4,0.363636364,7,0.636363636,4,0.363636364
-86.1635,39.77,6680,3811,0.570508982,1067,0.159730539,4878,0.730239521,1802,0.269760479,96,25,0.260416667,29,0.302083333,54,0.5625,42,0.4375
-86.1635,39.771,3511,340,0.096838508,2000,0.56963828,2340,0.666476787,1171,0.333523213,53,2,0.037735849,33,0.622641509,35,0.660377358,18,0.339622642
-86.1635,39.773,380,52,0.136842105,272,0.715789474,324,0.852631579,56,0.147368421,10,1,0.1,6,0.6,7,0.7,3,0.3
-86.1635,39.774,4761,125,0.026254988,4514,0.948120143,4639,0.974375131,122,0.025624869,75,4,0.053333333,60,0.8,64,0.853333333,11,0.146666667
-86.163,39.7655,461,0,0,376,0.815618221,376,0.815618221,85,0.184381779,16,0,0,13,0.8125,13,0.8125,3,0.1875
-86.163,39.767,1756,0,0,1653,0.941343964,1653,0.941343964,103,0.058656036,28,0,0,23,0.821428571,23,0.821428571,5,0.178571429
-86.163,39.7695,143,19,0.132867133,124,0.867132867,143,1,0,0,4,1,0.25,3,0.75,4,1,0,0
-86.163,39.77,11088,4081,0.368055556,3804,0.343073593,7885,0.711129149,3203,0.288870851,152,29,0.190789474,67,0.440789474,96,0.631578947,56,0.368421053
-86.163,39.7705,4855,458,0.094335736,4072,0.838722966,4530,0.933058702,325,0.066941298,56,11,0.196428571,30,0.535714286,41,0.732142857,15,0.267857143
-86.163,39.771,6626,1006,0.151826139,4335,0.654240869,5341,0.806067009,1285,0.193932991,154,19,0.123376623,89,0.577922078,108,0.701298701,46,0.298701299
-86.163,39.7715,12367,4262,0.344626829,4380,0.354168351,8642,0.698795181,3725,0.301204819,92,11,0.119565217,45,0.489130435,56,0.608695652,36,0.391304348
-86.163,39.772,2593,347,0.133821828,1687,0.650597763,2034,0.784419591,559,0.215580409,45,6,0.133333333,26,0.577777778,32,0.711111111,13,0.288888889
-86.163,39.7725,13708,2822,0.205865188,4854,0.354099796,7676,0.559964984,6032,0.440035016,98,15,0.153061224,40,0.408163265,55,0.56122449,43,0.43877551
-86.163,39.773,4486,0,0,4235,0.94404815,4235,0.94404815,251,0.05595185,47,0,0,33,0.70212766,33,0.70212766,14,0.29787234
-86.163,39.7735,1287,0,0,1050,0.815850816,1050,0.815850816,237,0.184149184,21,0,0,16,0.761904762,16,0.761904762,5,0.238095238
-86.163,39.774,4810,58,0.012058212,4265,0.886694387,4323,0.898752599,487,0.101247401,90,2,0.022222222,75,0.833333333,77,0.855555556,13,0.144444444
-86.163,39.7745,1917,0,0,1508,0.786645801,1508,0.786645801,409,0.213354199,29,0,0,22,0.75862069,22,0.75862069,7,0.24137931
-86.163,39.775,2273,0,0,1731,0.761548614,1731,0.761548614,542,0.238451386,32,0,0,23,0.71875,23,0.71875,9,0.28125
-86.163,39.7755,6917,0,0,5572,0.80555154,5572,0.80555154,1345,0.19444846,44,0,0,26,0.590909091,26,0.590909091,18,0.409090909
-86.163,39.776,1472,0,0,1012,0.6875,1012,0.6875,460,0.3125,30,0,0,15,0.5,15,0.5,15,0.5
-86.163,39.7765,1178,0,0,521,0.442275042,521,0.442275042,657,0.557724958,25,0,0,10,0.4,10,0.4,15,0.6
-86.163,39.777,1174,0,0,468,0.398637138,468,0.398637138,706,0.601362862,22,0,0,10,0.454545455,10,0.454545455,12,0.545454545
-86.163,39.7775,1985,0,0,1463,0.737027708,1463,0.737027708,522,0.262972292,20,0,0,11,0.55,11,0.55,9,0.45
-86.1625,39.7655,448,0,0,384,0.857142857,384,0.857142857,64,0.142857143,15,0,0,13,0.866666667,13,0.866666667,2,0.133333333
-86.1625,39.767,1052,8,0.007604563,932,0.885931559,940,0.893536122,112,0.106463878,45,1,0.022222222,37,0.822222222,38,0.844444444,7,0.155555556
-86.1625,39.7695,1041,650,0.624399616,331,0.317963497,981,0.942363112,60,0.057636888,27,6,0.222222222,12,0.444444444,18,0.666666667,9,0.333333333
-86.1625,39.77,1472,313,0.21263587,552,0.375,865,0.58763587,607,0.41236413,60,10,0.166666667,24,0.4,34,0.566666667,26,0.433333333
-86.1625,39.771,2114,545,0.257805109,1144,0.54115421,1689,0.798959319,425,0.201040681,65,10,0.153846154,35,0.538461538,45,0.692307692,20,0.307692308
-86.1625,39.7725,1572,672,0.427480916,97,0.061704835,769,0.489185751,803,0.510814249,26,4,0.153846154,4,0.153846154,8,0.307692308,18,0.692307692
-86.1625,39.774,1060,43,0.040566038,754,0.711320755,797,0.751886792,263,0.248113208,41,1,0.024390244,25,0.609756098,26,0.634146341,15,0.365853659
-86.162,39.7655,524,0,0,431,0.822519084,431,0.822519084,93,0.177480916,24,0,0,21,0.875,21,0.875,3,0.125
-86.162,39.767,1705,44,0.025806452,1409,0.826392962,1453,0.852199413,252,0.147800587,56,3,0.053571429,39,0.696428571,42,0.75,14,0.25
-86.162,39.7695,741,205,0.276653171,456,0.615384615,661,0.892037787,80,0.107962213,27,6,0.222222222,16,0.592592593,22,0.814814815,5,0.185185185
-86.162,39.77,2037,1095,0.537555228,391,0.191948945,1486,0.729504173,551,0.270495827,52,8,0.153846154,20,0.384615385,28,0.538461538,24,0.461538462
-86.162,39.771,3084,557,0.180609598,1581,0.512645914,2138,0.693255512,946,0.306744488,62,8,0.129032258,38,0.612903226,46,0.741935484,16,0.258064516
-86.162,39.7725,673,76,0.112927192,112,0.166419019,188,0.279346211,485,0.720653789,17,2,0.117647059,2,0.117647059,4,0.235294118,13,0.764705882
-86.162,39.774,1064,3,0.002819549,588,0.552631579,591,0.555451128,473,0.444548872,39,1,0.025641026,20,0.512820513,21,0.538461538,18,0.461538462
-86.1615,39.7655,7464,0,0,5972,0.800107181,5972,0.800107181,1492,0.199892819,79,0,0,54,0.683544304,54,0.683544304,25,0.316455696
-86.1615,39.766,3563,0,0,2532,0.710637104,2532,0.710637104,1031,0.289362896,52,0,0,34,0.653846154,34,0.653846154,18,0.346153846
-86.1615,39.7665,3189,0,0,2432,0.762621511,2432,0.762621511,757,0.237378489,41,0,0,29,0.707317073,29,0.707317073,12,0.292682927
-86.1615,39.767,11695,209,0.017870885,9273,0.79290295,9482,0.810773835,2213,0.189226165,132,8,0.060606061,78,0.590909091,86,0.651515152,46,0.348484848
-86.1615,39.7675,2051,31,0.015114578,1433,0.698683569,1464,0.713798147,587,0.286201853,59,1,0.016949153,36,0.610169492,37,0.627118644,22,0.372881356
-86.1615,39.768,35645,38,0.001066068,20774,0.582802637,20812,0.583868705,14833,0.416131295,196,1,0.005102041,73,0.37244898,74,0.37755102,122,0.62244898
-86.1615,39.7685,3460,108,0.031213873,2184,0.631213873,2292,0.662427746,1168,0.337572254,50,2,0.04,28,0.56,30,0.6,20,0.4
-86.1615,39.769,2704,123,0.045488166,1178,0.435650888,1301,0.481139053,1403,0.518860947,58,3,0.051724138,31,0.534482759,34,0.586206897,24,0.413793103
-86.1615,39.7695,5756,1094,0.190062543,2986,0.51876303,4080,0.708825573,1676,0.291174427,139,23,0.165467626,62,0.446043165,85,0.611510791,54,0.388489209
-86.1615,39.77,3976,915,0.230130785,1286,0.323440644,2201,0.553571429,1775,0.446428571,104,14,0.134615385,39,0.375,53,0.509615385,51,0.490384615
-86.1615,39.7705,5568,1597,0.286817529,1708,0.306752874,3305,0.593570402,2263,0.406429598,77,12,0.155844156,32,0.415584416,44,0.571428571,33,0.428571429
-86.1615,39.771,28154,4417,0.156887121,17298,0.614406479,21715,0.771293599,6439,0.228706401,229,24,0.104803493,119,0.519650655,143,0.624454148,86,0.375545852
-86.1615,39.7715,14292,3652,0.255527568,7655,0.53561433,11307,0.791141898,2985,0.208858102,199,32,0.16080402,100,0.502512563,132,0.663316583,67,0.336683417
-86.1615,39.772,20357,1240,0.060912708,6254,0.307216191,7494,0.368128899,12863,0.631871101,138,23,0.166666667,59,0.427536232,82,0.594202899,56,0.405797101
-86.1615,39.7725,53864,38156,0.708376652,5880,0.10916382,44036,0.817540472,9828,0.182459528,319,95,0.297805643,60,0.188087774,155,0.485893417,164,0.514106583
-86.1615,39.773,1364,175,0.12829912,935,0.685483871,1110,0.813782991,254,0.186217009,33,4,0.121212121,24,0.727272727,28,0.848484848,5,0.151515152
-86.1615,39.7735,85,34,0.4,51,0.6,85,1,0,0,3,1,0.333333333,2,0.666666667,3,1,0,0
-86.1615,39.774,1068,0,0,491,0.459737828,491,0.459737828,577,0.540262172,29,0,0,12,0.413793103,12,0.413793103,17,0.586206897
-86.161,39.7655,3475,0,0,2286,0.657841727,2286,0.657841727,1189,0.342158273,80,0,0,69,0.8625,69,0.8625,11,0.1375
-86.161,39.767,8900,555,0.062359551,6812,0.765393258,7367,0.827752809,1533,0.172247191,87,14,0.16091954,49,0.563218391,63,0.724137931,24,0.275862069
-86.161,39.7695,1055,274,0.25971564,467,0.442654028,741,0.702369668,314,0.297630332,59,11,0.186440678,25,0.423728814,36,0.610169492,23,0.389830508
-86.161,39.77,1229,723,0.588283157,38,0.030919447,761,0.619202604,468,0.380797396,10,2,0.2,1,0.1,3,0.3,7,0.7
-86.161,39.771,3431,420,0.122413291,2200,0.641212474,2620,0.763625765,811,0.236374235,81,10,0.12345679,49,0.604938272,59,0.728395062,22,0.271604938
-86.161,39.7715,2297,1010,0.439703962,873,0.380060949,1883,0.819764911,414,0.180235089,44,9,0.204545455,23,0.522727273,32,0.727272727,12,0.272727273
-86.161,39.772,710,391,0.550704225,53,0.074647887,444,0.625352113,266,0.374647887,20,8,0.4,4,0.2,12,0.6,8,0.4
-86.161,39.7725,13752,4394,0.319517161,4173,0.303446771,8567,0.622963933,5185,0.377036067,195,38,0.194871795,74,0.379487179,112,0.574358974,83,0.425641026
-86.161,39.773,1169,122,0.104362703,771,0.659538067,893,0.76390077,276,0.23609923,27,4,0.148148148,18,0.666666667,22,0.814814815,5,0.185185185
-86.161,39.7735,1861,230,0.123589468,1386,0.744760881,1616,0.868350349,245,0.131649651,33,5,0.151515152,23,0.696969697,28,0.848484848,5,0.151515152
-86.161,39.774,12947,1515,0.117015525,7427,0.573646405,8942,0.690661929,4005,0.309338071,122,8,0.06557377,72,0.590163934,80,0.655737705,42,0.344262295
-86.161,39.7745,2493,109,0.043722423,2041,0.818692339,2150,0.862414761,343,0.137585239,37,2,0.054054054,25,0.675675676,27,0.72972973,10,0.27027027
-86.161,39.775,1719,47,0.027341478,1212,0.705061082,1259,0.73240256,460,0.26759744,34,1,0.029411765,21,0.617647059,22,0.647058824,12,0.352941176
-86.161,39.7755,10137,124,0.012232416,6727,0.663608563,6851,0.675840979,3286,0.324159021,81,2,0.024691358,37,0.456790123,39,0.481481481,42,0.518518519
-86.161,39.776,914,104,0.113785558,411,0.449671772,515,0.56345733,399,0.43654267,19,2,0.105263158,7,0.368421053,9,0.473684211,10,0.526315789
-86.161,39.7765,2667,681,0.255343082,713,0.267341582,1394,0.522684664,1273,0.477315336,19,3,0.157894737,5,0.263157895,8,0.421052632,11,0.578947368
-86.161,39.777,1812,329,0.181567329,671,0.370309051,1000,0.55187638,812,0.44812362,20,3,0.15,6,0.3,9,0.45,11,0.55
-86.161,39.7775,951,138,0.14511041,171,0.179810726,309,0.324921136,642,0.675078864,17,3,0.176470588,3,0.176470588,6,0.352941176,11,0.647058824
-86.1605,39.7655,2072,0,0,1681,0.811293436,1681,0.811293436,391,0.188706564,50,0,0,36,0.72,36,0.72,14,0.28
-86.1605,39.7665,306,0,0,306,1,306,1,0,0,1,0,0,1,1,1,1,0,0
-86.1605,39.767,2434,298,0.12243221,1765,0.725143796,2063,0.847576007,371,0.152423993,51,10,0.196078431,31,0.607843137,41,0.803921569,10,0.196078431
-86.1605,39.7695,1151,213,0.185056473,529,0.459600348,742,0.64465682,409,0.35534318,66,11,0.166666667,28,0.424242424,39,0.590909091,27,0.409090909
-86.1605,39.77,2093,0,0,37,0.017677974,37,0.017677974,2056,0.982322026,8,0,0,1,0.125,1,0.125,7,0.875
-86.1605,39.771,18163,747,0.041127567,1699,0.093541816,2446,0.134669383,15717,0.865330617,107,16,0.14953271,51,0.476635514,67,0.626168224,40,0.373831776
-86.1605,39.7725,2771,529,0.19090581,1090,0.393359798,1619,0.584265608,1152,0.415734392,83,13,0.156626506,39,0.469879518,52,0.626506024,31,0.373493976
-86.1605,39.774,1313,2,0.001523229,200,0.152322925,202,0.153846154,1111,0.846153846,41,1,0.024390244,6,0.146341463,7,0.170731707,34,0.829268293
-86.1605,39.7755,1471,0,0,275,0.186947655,275,0.186947655,1196,0.813052345,39,0,0,9,0.230769231,9,0.230769231,30,0.769230769
-86.16,39.7655,11580,0,0,5870,0.506908463,5870,0.506908463,5710,0.493091537,153,0,0,81,0.529411765,81,0.529411765,72,0.470588235
-86.16,39.766,4397,0,0,2468,0.56129179,2468,0.56129179,1929,0.43870821,45,0,0,13,0.288888889,13,0.288888889,32,0.711111111
-86.16,39.7665,5191,0,0,2678,0.515892892,2678,0.515892892,2513,0.484107108,52,0,0,30,0.576923077,30,0.576923077,22,0.423076923
-86.16,39.767,3662,309,0.08438012,2670,0.729109776,2979,0.813489896,683,0.186510104,54,7,0.12962963,33,0.611111111,40,0.740740741,14,0.259259259
-86.16,39.7675,215,0,0,214,0.995348837,214,0.995348837,1,0.004651163,4,0,0,3,0.75,3,0.75,1,0.25
-86.16,39.768,946,0,0,364,0.384778013,364,0.384778013,582,0.615221987,4,0,0,2,0.5,2,0.5,2,0.5
-86.16,39.7685,74,0,0,0,0,0,0,74,1,1,0,0,0,0,0,0,1,1
-86.16,39.769,90,0,0,0,0,0,0,90,1,1,0,0,0,0,0,0,1,1
-86.16,39.7695,9741,1833,0.188173699,1409,0.14464634,3242,0.332820039,6499,0.667179961,94,14,0.14893617,30,0.319148936,44,0.468085106,50,0.531914894
-86.16,39.77,495,0,0,57,0.115151515,57,0.115151515,438,0.884848485,8,0,0,2,0.25,2,0.25,6,0.75
-86.16,39.771,5161,830,0.160821546,2983,0.577988762,3813,0.738810308,1348,0.261189692,95,14,0.147368421,53,0.557894737,67,0.705263158,28,0.294736842
-86.16,39.7725,3930,672,0.170992366,1086,0.276335878,1758,0.447328244,2172,0.552671756,83,17,0.204819277,31,0.373493976,48,0.578313253,35,0.421686747
-86.16,39.774,1170,0,0,148,0.126495726,148,0.126495726,1022,0.873504274,44,0,0,3,0.068181818,3,0.068181818,41,0.931818182
-86.16,39.7755,1169,28,0.023952096,232,0.198460222,260,0.222412318,909,0.777587682,32,3,0.09375,6,0.1875,9,0.28125,23,0.71875
-86.1595,39.7655,1345,0,0,597,0.443866171,597,0.443866171,748,0.556133829,62,0,0,29,0.467741935,29,0.467741935,33,0.532258065
-86.1595,39.766,3021,0,0,1045,0.34591195,1045,0.34591195,1976,0.65408805,83,0,0,32,0.385542169,32,0.385542169,51,0.614457831
-86.1595,39.7665,20816,0,0,13609,0.653775942,13609,0.653775942,7207,0.346224058,192,0,0,119,0.619791667,119,0.619791667,73,0.380208333
-86.1595,39.767,10484,1151,0.109786341,7379,0.703834414,8530,0.813620755,1954,0.186379245,125,11,0.088,84,0.672,95,0.76,30,0.24
-86.1595,39.7675,2375,0,0,1684,0.709052632,1684,0.709052632,691,0.290947368,28,0,0,18,0.642857143,18,0.642857143,10,0.357142857
-86.1595,39.768,6882,0,0,4338,0.630340017,4338,0.630340017,2544,0.369659983,51,0,0,32,0.62745098,32,0.62745098,19,0.37254902
-86.1595,39.7685,2087,0,0,896,0.429324389,896,0.429324389,1191,0.570675611,20,0,0,9,0.45,9,0.45,11,0.55
-86.1595,39.769,2540,0,0,844,0.332283465,844,0.332283465,1696,0.667716535,20,0,0,9,0.45,9,0.45,11,0.55
-86.1595,39.7695,6772,230,0.033963379,1595,0.235528647,1825,0.269492026,4947,0.730507974,59,4,0.06779661,16,0.271186441,20,0.338983051,39,0.661016949
-86.1595,39.77,2626,0,0,662,0.25209444,662,0.25209444,1964,0.74790556,39,0,0,12,0.307692308,12,0.307692308,27,0.692307692
-86.1595,39.7705,2532,0,0,361,0.142575039,361,0.142575039,2171,0.857424961,31,0,0,8,0.258064516,8,0.258064516,23,0.741935484
-86.1595,39.771,20239,673,0.033252631,13617,0.672809921,14290,0.706062552,5949,0.293937448,342,14,0.040935673,199,0.581871345,213,0.622807018,129,0.377192982
-86.1595,39.7715,2437,55,0.022568732,173,0.070988921,228,0.093557653,2209,0.906442347,63,2,0.031746032,8,0.126984127,10,0.158730159,53,0.841269841
-86.1595,39.772,2778,0,0,397,0.142908567,397,0.142908567,2381,0.857091433,45,0,0,11,0.244444444,11,0.244444444,34,0.755555556
-86.1595,39.7725,13139,2046,0.155719613,1478,0.112489535,3524,0.268209148,9615,0.731790852,188,31,0.164893617,35,0.186170213,66,0.35106383,122,0.64893617
-86.1595,39.773,13584,182,0.013398115,141,0.010379859,323,0.023777974,13261,0.976222026,51,4,0.078431373,4,0.078431373,8,0.156862745,43,0.843137255
-86.1595,39.7735,3221,282,0.08755045,145,0.045017075,427,0.132567526,2794,0.867432474,60,5,0.083333333,5,0.083333333,10,0.166666667,50,0.833333333
-86.1595,39.774,5725,90,0.015720524,398,0.069519651,488,0.085240175,5237,0.914759825,102,3,0.029411765,11,0.107843137,14,0.137254902,88,0.862745098
-86.1595,39.7745,2415,117,0.048447205,126,0.052173913,243,0.100621118,2172,0.899378882,56,7,0.125,7,0.125,14,0.25,42,0.75
-86.1595,39.775,12245,241,0.019681503,8226,0.671784402,8467,0.691465904,3778,0.308534096,96,6,0.0625,29,0.302083333,35,0.364583333,61,0.635416667
-86.1595,39.7755,6094,189,0.031014112,2737,0.449130292,2926,0.480144404,3168,0.519855596,70,5,0.071428571,19,0.271428571,24,0.342857143,46,0.657142857
-86.1595,39.776,1338,87,0.065022422,335,0.250373692,422,0.315396114,916,0.684603886,27,2,0.074074074,8,0.296296296,10,0.37037037,17,0.62962963
-86.1595,39.7765,3318,0,0,2118,0.638336347,2118,0.638336347,1200,0.361663653,39,0,0,21,0.538461538,21,0.538461538,18,0.461538462
-86.1595,39.777,1112,0,0,710,0.638489209,710,0.638489209,402,0.361510791,25,0,0,13,0.52,13,0.52,12,0.48
-86.1595,39.7775,3348,0,0,2138,0.638590203,2138,0.638590203,1210,0.361409797,35,0,0,16,0.457142857,16,0.457142857,19,0.542857143
-86.159,39.7655,417,0,0,140,0.335731415,140,0.335731415,277,0.664268585,17,0,0,8,0.470588235,8,0.470588235,9,0.529411765
-86.159,39.767,3057,412,0.134772653,1598,0.522734707,2010,0.65750736,1047,0.34249264,43,10,0.23255814,23,0.534883721,33,0.76744186,10,0.23255814
-86.159,39.7695,1203,134,0.111388196,79,0.06566916,213,0.177057357,990,0.822942643,31,4,0.129032258,4,0.129032258,8,0.258064516,23,0.741935484
-86.159,39.77,418,0,0,0,0,0,0,418,1,12,0,0,0,0,0,0,12,1
-86.159,39.771,2794,301,0.107730852,1467,0.525053686,1768,0.632784538,1026,0.367215462,78,11,0.141025641,39,0.5,50,0.641025641,28,0.358974359
-86.159,39.7725,10559,3428,0.324651956,678,0.064210626,4106,0.388862582,6453,0.611137418,121,35,0.289256198,16,0.132231405,51,0.421487603,70,0.578512397
-86.159,39.774,1988,0,0,315,0.158450704,315,0.158450704,1673,0.841549296,34,0,0,6,0.176470588,6,0.176470588,28,0.823529412
-86.159,39.775,651,0,0,147,0.225806452,147,0.225806452,504,0.774193548,15,0,0,4,0.266666667,4,0.266666667,11,0.733333333
-86.159,39.7755,3710,9,0.002425876,320,0.086253369,329,0.088679245,3381,0.911320755,49,1,0.020408163,9,0.183673469,10,0.204081633,39,0.795918367
-86.159,39.7765,484,0,0,375,0.774793388,375,0.774793388,109,0.225206612,4,0,0,2,0.5,2,0.5,2,0.5
-86.159,39.7775,1070,0,0,330,0.308411215,330,0.308411215,740,0.691588785,17,0,0,7,0.411764706,7,0.411764706,10,0.588235294
-86.1585,39.7655,809,0,0,266,0.328800989,266,0.328800989,543,0.671199011,17,0,0,7,0.411764706,7,0.411764706,10,0.588235294
-86.1585,39.767,1148,268,0.233449477,762,0.663763066,1030,0.897212544,118,0.102787456,21,5,0.238095238,14,0.666666667,19,0.904761905,2,0.095238095
-86.1585,39.768,2324,0,0,1365,0.587349398,1365,0.587349398,959,0.412650602,15,0,0,5,0.333333333,5,0.333333333,10,0.666666667
-86.1585,39.7685,1032,0,0,221,0.214147287,221,0.214147287,811,0.785852713,15,0,0,5,0.333333333,5,0.333333333,10,0.666666667
-86.1585,39.7695,1358,126,0.092783505,46,0.033873343,172,0.126656848,1186,0.873343152,32,3,0.09375,2,0.0625,5,0.15625,27,0.84375
-86.1585,39.771,2576,41,0.015916149,1350,0.524068323,1391,0.539984472,1185,0.460015528,60,3,0.05,29,0.483333333,32,0.533333333,28,0.466666667
-86.1585,39.7725,2225,715,0.321348315,37,0.016629213,752,0.337977528,1473,0.662022472,52,16,0.307692308,1,0.019230769,17,0.326923077,35,0.673076923
-86.1585,39.774,1100,0,0,46,0.041818182,46,0.041818182,1054,0.958181818,33,0,0,3,0.090909091,3,0.090909091,30,0.909090909
-86.1585,39.775,964,0,0,67,0.069502075,67,0.069502075,897,0.930497925,11,0,0,2,0.181818182,2,0.181818182,9,0.818181818
-86.1585,39.7755,1226,0,0,227,0.185154976,227,0.185154976,999,0.814845024,33,0,0,6,0.181818182,6,0.181818182,27,0.818181818
-86.1585,39.7775,385,0,0,159,0.412987013,159,0.412987013,226,0.587012987,8,0,0,4,0.5,4,0.5,4,0.5
-86.158,39.7655,4547,163,0.035847812,2652,0.583241698,2815,0.61908951,1732,0.38091049,70,1,0.014285714,41,0.585714286,42,0.6,28,0.4
-86.158,39.766,1388,63,0.045389049,1075,0.774495677,1138,0.819884726,250,0.180115274,24,1,0.041666667,16,0.666666667,17,0.708333333,7,0.291666667
-86.158,39.7665,2144,102,0.047574627,1408,0.656716418,1510,0.704291045,634,0.295708955,39,3,0.076923077,25,0.641025641,28,0.717948718,11,0.282051282
-86.158,39.767,7784,835,0.107271326,5102,0.655447071,5937,0.762718397,1847,0.237281603,56,9,0.160714286,36,0.642857143,45,0.803571429,11,0.196428571
-86.158,39.7675,2991,254,0.084921431,1726,0.577064527,1980,0.661985958,1011,0.338014042,29,3,0.103448276,14,0.482758621,17,0.586206897,12,0.413793103
-86.158,39.768,728,0,0,303,0.416208791,303,0.416208791,425,0.583791209,9,0,0,4,0.444444444,4,0.444444444,5,0.555555556
-86.158,39.7685,394,0,0,55,0.139593909,55,0.139593909,339,0.860406091,12,0,0,2,0.166666667,2,0.166666667,10,0.833333333
-86.158,39.769,2020,0,0,237,0.117326733,237,0.117326733,1783,0.882673267,22,0,0,4,0.181818182,4,0.181818182,18,0.818181818
-86.158,39.7695,3616,131,0.036227876,604,0.167035398,735,0.203263274,2881,0.796736726,52,3,0.057692308,4,0.076923077,7,0.134615385,45,0.865384615
-86.158,39.77,3101,3,0.00096743,46,0.014833925,49,0.015801354,3052,0.984198646,31,1,0.032258065,2,0.064516129,3,0.096774194,28,0.903225806
-86.158,39.7705,719,23,0.031988873,1,0.001390821,24,0.033379694,695,0.966620306,21,1,0.047619048,1,0.047619048,2,0.095238095,19,0.904761905
-86.158,39.771,6050,8,0.001322314,1710,0.282644628,1718,0.283966942,4332,0.716033058,109,1,0.009174312,44,0.403669725,45,0.412844037,64,0.587155963
-86.158,39.7725,2628,734,0.279299848,55,0.020928463,789,0.300228311,1839,0.699771689,58,14,0.24137931,2,0.034482759,16,0.275862069,42,0.724137931
-86.158,39.774,1080,14,0.012962963,91,0.084259259,105,0.097222222,975,0.902777778,35,2,0.057142857,3,0.085714286,5,0.142857143,30,0.857142857
-86.158,39.775,3376,0,0,1514,0.448459716,1514,0.448459716,1862,0.551540284,24,0,0,8,0.333333333,8,0.333333333,16,0.666666667
-86.158,39.7755,1129,0,0,383,0.339238264,383,0.339238264,746,0.660761736,27,0,0,4,0.148148148,4,0.148148148,23,0.851851852
-86.158,39.7775,597,0,0,226,0.378559464,226,0.378559464,371,0.621440536,22,0,0,5,0.227272727,5,0.227272727,17,0.772727273
-86.1575,39.7655,864,0,0,380,0.439814815,380,0.439814815,484,0.560185185,21,0,0,10,0.476190476,10,0.476190476,11,0.523809524
-86.1575,39.7665,829,0,0,513,0.618817853,513,0.618817853,316,0.381182147,10,0,0,7,0.7,7,0.7,3,0.3
-86.1575,39.767,51572,22439,0.435100442,8953,0.173601955,31392,0.608702397,20180,0.391297603,130,20,0.153846154,71,0.546153846,91,0.7,39,0.3
-86.1575,39.7675,392,29,0.073979592,203,0.517857143,232,0.591836735,160,0.408163265,12,1,0.083333333,7,0.583333333,8,0.666666667,4,0.333333333
-86.1575,39.768,530,53,0.1,305,0.575471698,358,0.675471698,172,0.324528302,13,1,0.076923077,8,0.615384615,9,0.692307692,4,0.307692308
-86.1575,39.769,749,0,0,633,0.845126836,633,0.845126836,116,0.154873164,9,0,0,7,0.777777778,7,0.777777778,2,0.222222222
-86.1575,39.7695,2218,74,0.03336339,838,0.377817854,912,0.411181244,1306,0.588818756,35,3,0.085714286,6,0.171428571,9,0.257142857,26,0.742857143
-86.1575,39.77,398,0,0,230,0.577889447,230,0.577889447,168,0.422110553,12,0,0,7,0.583333333,7,0.583333333,5,0.416666667
-86.1575,39.7705,989,4,0.004044489,364,0.368048534,368,0.372093023,621,0.627906977,16,1,0.0625,5,0.3125,6,0.375,10,0.625
-86.1575,39.771,5555,41,0.007380738,979,0.176237624,1020,0.183618362,4535,0.816381638,121,1,0.008264463,46,0.380165289,47,0.388429752,74,0.611570248
-86.1575,39.7715,3575,97,0.027132867,1754,0.490629371,1851,0.517762238,1724,0.482237762,112,2,0.017857143,70,0.625,72,0.642857143,40,0.357142857
-86.1575,39.772,3773,40,0.010601643,1445,0.382984363,1485,0.393586006,2288,0.606413994,62,1,0.016129032,26,0.419354839,27,0.435483871,35,0.564516129
-86.1575,39.7725,16660,1364,0.081872749,1897,0.113865546,3261,0.195738295,13399,0.804261705,131,12,0.091603053,25,0.190839695,37,0.282442748,94,0.717557252
-86.1575,39.773,1352,32,0.023668639,54,0.039940828,86,0.063609467,1266,0.936390533,34,3,0.088235294,4,0.117647059,7,0.205882353,27,0.794117647
-86.1575,39.7735,2705,156,0.05767098,81,0.029944547,237,0.087615527,2468,0.912384473,48,4,0.083333333,4,0.083333333,8,0.166666667,40,0.833333333
-86.1575,39.774,6452,223,0.034562926,307,0.047582145,530,0.082145071,5922,0.917854929,94,11,0.117021277,5,0.053191489,16,0.170212766,78,0.829787234
-86.1575,39.7745,2400,94,0.039166667,188,0.078333333,282,0.1175,2118,0.8825,44,5,0.113636364,3,0.068181818,8,0.181818182,36,0.818181818
-86.1575,39.775,5120,25,0.004882813,947,0.184960938,972,0.18984375,4148,0.81015625,63,2,0.031746032,16,0.253968254,18,0.285714286,45,0.714285714
-86.1575,39.7755,1593,0,0,220,0.138104206,220,0.138104206,1373,0.861895794,29,0,0,3,0.103448276,3,0.103448276,26,0.896551724
-86.1575,39.777,457,0,0,220,0.481400438,220,0.481400438,237,0.518599562,9,0,0,5,0.555555556,5,0.555555556,4,0.444444444
-86.1575,39.7775,9558,0,0,2714,0.283950617,2714,0.283950617,6844,0.716049383,56,0,0,11,0.196428571,11,0.196428571,45,0.803571429
-86.157,39.7655,754,0,0,433,0.574270557,433,0.574270557,321,0.425729443,22,0,0,13,0.590909091,13,0.590909091,9,0.409090909
-86.157,39.767,2756,278,0.100870827,2038,0.739477504,2316,0.840348331,440,0.159651669,55,5,0.090909091,37,0.672727273,42,0.763636364,13,0.236363636
-86.157,39.768,703,93,0.132290185,382,0.543385491,475,0.675675676,228,0.324324324,10,1,0.1,6,0.6,7,0.7,3,0.3
-86.157,39.7685,1712,27,0.015771028,1447,0.84521028,1474,0.860981308,238,0.139018692,13,1,0.076923077,8,0.615384615,9,0.692307692,4,0.307692308
-86.157,39.7695,676,0,0,72,0.106508876,72,0.106508876,604,0.893491124,25,0,0,3,0.12,3,0.12,22,0.88
-86.157,39.771,4431,0,0,7,0.001579779,7,0.001579779,4424,0.998420221,42,0,0,2,0.047619048,2,0.047619048,40,0.952380952
-86.157,39.7725,2397,0,0,0,0,0,0,2397,1,14,0,0,0,0,0,0,14,1
-86.157,39.774,1899,301,0.158504476,64,0.033701948,365,0.192206424,1534,0.807793576,32,8,0.25,1,0.03125,9,0.28125,23,0.71875
-86.157,39.775,2034,0,0,296,0.145526057,296,0.145526057,1738,0.854473943,30,0,0,8,0.266666667,8,0.266666667,22,0.733333333
-86.157,39.7755,975,0,0,0,0,0,0,975,1,16,0,0,0,0,0,0,16,1
-86.157,39.7775,1006,0,0,0,0,0,0,1006,1,8,0,0,0,0,0,0,8,1
-86.1565,39.7655,2960,0,0,2383,0.805067568,2383,0.805067568,577,0.194932432,34,0,0,28,0.823529412,28,0.823529412,6,0.176470588
-86.1565,39.7665,279,65,0.23297491,156,0.559139785,221,0.792114695,58,0.207885305,4,1,0.25,2,0.5,3,0.75,1,0.25
-86.1565,39.767,1352,246,0.181952663,729,0.539201183,975,0.721153846,377,0.278846154,36,5,0.138888889,20,0.555555556,25,0.694444444,11,0.305555556
-86.1565,39.7695,914,0,0,103,0.112691466,103,0.112691466,811,0.887308534,22,0,0,3,0.136363636,3,0.136363636,19,0.863636364
-86.1565,39.771,3228,0,0,161,0.049876084,161,0.049876084,3067,0.950123916,32,0,0,2,0.0625,2,0.0625,30,0.9375
-86.1565,39.7725,605,0,0,0,0,0,0,605,1,11,0,0,0,0,0,0,11,1
-86.1565,39.774,1288,319,0.247670807,44,0.034161491,363,0.281832298,925,0.718167702,34,9,0.264705882,1,0.029411765,10,0.294117647,24,0.705882353
-86.1565,39.775,1939,0,0,691,0.356369263,691,0.356369263,1248,0.643630737,37,0,0,13,0.351351351,13,0.351351351,24,0.648648649
-86.1565,39.7755,266,0,0,0,0,0,0,266,1,12,0,0,0,0,0,0,12,1
-86.1565,39.7775,2034,0,0,0,0,0,0,2034,1,7,0,0,0,0,0,0,7,1
-86.156,39.7655,4805,729,0.151716961,3634,0.756295525,4363,0.908012487,442,0.091987513,63,4,0.063492063,42,0.666666667,46,0.73015873,17,0.26984127
-86.156,39.766,4521,0,0,4303,0.95178058,4303,0.95178058,218,0.04821942,28,0,0,17,0.607142857,17,0.607142857,11,0.392857143
-86.156,39.7665,3214,93,0.028935905,2641,0.821717486,2734,0.850653391,480,0.149346609,47,2,0.042553191,26,0.553191489,28,0.595744681,19,0.404255319
-86.156,39.767,4456,165,0.037028725,2972,0.666965889,3137,0.703994614,1319,0.296005386,66,4,0.060606061,37,0.560606061,41,0.621212121,25,0.378787879
-86.156,39.7675,1126,0,0,577,0.512433393,577,0.512433393,549,0.487566607,23,0,0,11,0.47826087,11,0.47826087,12,0.52173913
-86.156,39.768,28944,0,0,7171,0.247754284,7171,0.247754284,21773,0.752245716,97,0,0,29,0.298969072,29,0.298969072,68,0.701030928
-86.156,39.7685,2799,0,0,943,0.336906038,943,0.336906038,1856,0.663093962,36,0,0,9,0.25,9,0.25,27,0.75
-86.156,39.769,1188,0,0,266,0.223905724,266,0.223905724,922,0.776094276,27,0,0,8,0.296296296,8,0.296296296,19,0.703703704
-86.156,39.7695,14191,1793,0.126347685,1437,0.101261363,3230,0.227609048,10961,0.772390952,73,6,0.082191781,16,0.219178082,22,0.301369863,51,0.698630137
-86.156,39.77,2593,0,0,508,0.195912071,508,0.195912071,2085,0.804087929,32,0,0,7,0.21875,7,0.21875,25,0.78125
-86.156,39.7705,1078,0,0,151,0.140074212,151,0.140074212,927,0.859925788,20,0,0,2,0.1,2,0.1,18,0.9
-86.156,39.771,6132,0,0,513,0.083659491,513,0.083659491,5619,0.916340509,54,0,0,3,0.055555556,3,0.055555556,51,0.944444444
-86.156,39.7715,4436,0,0,232,0.052299369,232,0.052299369,4204,0.947700631,31,0,0,2,0.064516129,2,0.064516129,29,0.935483871
-86.156,39.772,1074,0,0,54,0.05027933,54,0.05027933,1020,0.94972067,19,0,0,1,0.052631579,1,0.052631579,18,0.947368421
-86.156,39.7725,5024,0,0,126,0.025079618,126,0.025079618,4898,0.974920382,34,0,0,4,0.117647059,4,0.117647059,30,0.882352941
-86.156,39.773,4325,35,0.008092486,328,0.07583815,363,0.083930636,3962,0.916069364,31,1,0.032258065,3,0.096774194,4,0.129032258,27,0.870967742
-86.156,39.7735,2793,114,0.040816327,257,0.092015754,371,0.13283208,2422,0.86716792,31,2,0.064516129,3,0.096774194,5,0.161290323,26,0.838709677
-86.156,39.774,7352,630,0.085690968,407,0.055359086,1037,0.141050054,6315,0.858949946,64,11,0.171875,7,0.109375,18,0.28125,46,0.71875
-86.156,39.7745,2095,60,0.028639618,58,0.027684964,118,0.056324582,1977,0.943675418,22,1,0.045454545,1,0.045454545,2,0.090909091,20,0.909090909
-86.156,39.775,10937,69,0.00630886,1495,0.136691963,1564,0.143000823,9373,0.856999177,40,1,0.025,14,0.35,15,0.375,25,0.625
-86.156,39.7755,537,0,0,2,0.003724395,2,0.003724395,535,0.996275605,10,0,0,1,0.1,1,0.1,9,0.9
-86.156,39.7775,2212,0,0,0,0,0,0,2212,1,10,0,0,0,0,0,0,10,1
-86.1555,39.7655,809,0,0,557,0.688504326,557,0.688504326,252,0.311495674,19,0,0,14,0.736842105,14,0.736842105,5,0.263157895
-86.1555,39.7665,1668,339,0.20323741,778,0.466426859,1117,0.669664269,551,0.330335731,25,7,0.28,11,0.44,18,0.72,7,0.28
-86.1555,39.767,4251,164,0.038579158,3573,0.840508116,3737,0.879087274,514,0.120912726,38,3,0.078947368,25,0.657894737,28,0.736842105,10,0.263157895
-86.1555,39.7695,1200,210,0.175,82,0.068333333,292,0.243333333,908,0.756666667,28,6,0.214285714,2,0.071428571,8,0.285714286,20,0.714285714
-86.1555,39.771,2460,0,0,165,0.067073171,165,0.067073171,2295,0.932926829,35,0,0,5,0.142857143,5,0.142857143,30,0.857142857
-86.1555,39.7725,352,0,0,0,0,0,0,352,1,6,0,0,0,0,0,0,6,1
-86.1555,39.773,1722,0,0,0,0,0,0,1722,1,16,0,0,0,0,0,0,16,1
-86.1555,39.7735,1181,0,0,0,0,0,0,1181,1,15,0,0,0,0,0,0,15,1
-86.1555,39.774,5624,985,0.175142248,109,0.019381223,1094,0.194523471,4530,0.805476529,62,14,0.225806452,1,0.016129032,15,0.241935484,47,0.758064516
-86.1555,39.7745,2843,0,0,0,0,0,0,2843,1,23,0,0,0,0,0,0,23,1
-86.1555,39.775,10709,887,0.082827528,44,0.004108694,931,0.086936222,9778,0.913063778,65,9,0.138461538,1,0.015384615,10,0.153846154,55,0.846153846
-86.1555,39.7755,8005,10,0.001249219,54,0.006745784,64,0.007995003,7941,0.992004997,34,1,0.029411765,1,0.029411765,2,0.058823529,32,0.941176471
-86.1555,39.776,3806,0,0,50,0.013137152,50,0.013137152,3756,0.986862848,38,0,0,1,0.026315789,1,0.026315789,37,0.973684211
-86.1555,39.7765,2822,0,0,49,0.017363572,49,0.017363572,2773,0.982636428,30,0,0,1,0.033333333,1,0.033333333,29,0.966666667
-86.1555,39.777,1849,0,0,51,0.027582477,51,0.027582477,1798,0.972417523,32,0,0,1,0.03125,1,0.03125,31,0.96875
-86.1555,39.7775,7991,0,0,228,0.028532099,228,0.028532099,7763,0.971467901,101,0,0,4,0.03960396,4,0.03960396,97,0.96039604
-86.155,39.7655,1471,0,0,993,0.675050986,993,0.675050986,478,0.324949014,17,0,0,14,0.823529412,14,0.823529412,3,0.176470588
-86.155,39.7665,1267,588,0.464088398,375,0.295974743,963,0.760063141,304,0.239936859,25,7,0.28,11,0.44,18,0.72,7,0.28
-86.155,39.767,997,0,0,683,0.685055165,683,0.685055165,314,0.314944835,22,0,0,16,0.727272727,16,0.727272727,6,0.272727273
-86.155,39.7695,1697,288,0.169711255,85,0.050088391,373,0.219799646,1324,0.780200354,33,9,0.272727273,2,0.060606061,11,0.333333333,22,0.666666667
-86.155,39.771,4328,0,0,468,0.108133087,468,0.108133087,3860,0.891866913,35,0,0,7,0.2,7,0.2,28,0.8
-86.155,39.774,991,316,0.318869828,0,0,316,0.318869828,675,0.681130172,31,11,0.35483871,0,0,11,0.35483871,20,0.64516129
-86.155,39.775,9455,577,0.061025912,37,0.003913273,614,0.064939186,8841,0.935060814,52,7,0.134615385,1,0.019230769,8,0.153846154,44,0.846153846
-86.155,39.7775,2699,0,0,0,0,0,0,2699,1,56,0,0,0,0,0,0,56,1
-86.1545,39.7655,7036,0,0,4867,0.691728255,4867,0.691728255,2169,0.308271745,53,0,0,33,0.622641509,33,0.622641509,20,0.377358491
-86.1545,39.766,9715,32,0.003293875,7497,0.771693258,7529,0.774987133,2186,0.225012867,69,1,0.014492754,47,0.68115942,48,0.695652174,21,0.304347826
-86.1545,39.7665,4026,340,0.084451068,2561,0.636115251,2901,0.720566319,1125,0.279433681,52,5,0.096153846,30,0.576923077,35,0.673076923,17,0.326923077
-86.1545,39.767,5838,17,0.002911956,4669,0.799760192,4686,0.802672148,1152,0.197327852,41,1,0.024390244,24,0.585365854,25,0.609756098,16,0.390243902
-86.1545,39.769,91,0,0,0,0,0,0,91,1,2,0,0,0,0,0,0,2,1
-86.1545,39.7695,6861,3016,0.439586066,566,0.082495263,3582,0.522081329,3279,0.477918671,74,25,0.337837838,10,0.135135135,35,0.472972973,39,0.527027027
-86.1545,39.771,9123,0,0,399,0.043735613,399,0.043735613,8724,0.956264387,56,0,0,5,0.089285714,5,0.089285714,51,0.910714286
-86.1545,39.7735,63,63,1,0,0,63,1,0,0,2,2,1,0,0,2,1,0,0
-86.1545,39.774,3834,369,0.096244131,0,0,369,0.096244131,3465,0.903755869,31,11,0.35483871,0,0,11,0.35483871,20,0.64516129
-86.1545,39.775,5531,316,0.057132526,40,0.007231965,356,0.064364491,5175,0.935635509,67,9,0.134328358,1,0.014925373,10,0.149253731,57,0.850746269
-86.1545,39.7755,859,0,0,0,0,0,0,859,1,6,0,0,0,0,0,0,6,1
-86.1545,39.7775,2281,0,0,0,0,0,0,2281,1,27,0,0,0,0,0,0,27,1
-86.154,39.7655,433,0,0,290,0.669745958,290,0.669745958,143,0.330254042,7,0,0,5,0.714285714,5,0.714285714,2,0.285714286
-86.154,39.7665,1417,505,0.356386733,138,0.09738885,643,0.453775582,774,0.546224418,18,6,0.333333333,3,0.166666667,9,0.5,9,0.5
-86.154,39.767,11984,3851,0.321345127,1321,0.110230307,5172,0.431575434,6812,0.568424566,61,14,0.229508197,24,0.393442623,38,0.62295082,23,0.37704918
-86.154,39.7675,2459,239,0.097193981,868,0.35298902,1107,0.450183001,1352,0.549816999,30,4,0.133333333,13,0.433333333,17,0.566666667,13,0.433333333
-86.154,39.768,2625,230,0.087619048,761,0.289904762,991,0.37752381,1634,0.62247619,37,4,0.108108108,16,0.432432432,20,0.540540541,17,0.459459459
-86.154,39.7685,3213,211,0.065670713,1084,0.337379396,1295,0.403050109,1918,0.596949891,32,4,0.125,11,0.34375,15,0.46875,17,0.53125
-86.154,39.769,4809,238,0.049490539,1411,0.293408193,1649,0.342898732,3160,0.657101268,62,7,0.112903226,18,0.290322581,25,0.403225806,37,0.596774194
-86.154,39.7695,10364,3837,0.370223852,1206,0.116364338,5043,0.48658819,5321,0.51341181,130,50,0.384615385,20,0.153846154,70,0.538461538,60,0.461538462
-86.154,39.77,2997,1411,0.470804137,505,0.168501835,1916,0.639305973,1081,0.360694027,51,23,0.450980392,10,0.196078431,33,0.647058824,18,0.352941176
-86.154,39.7705,3240,1555,0.479938272,635,0.195987654,2190,0.675925926,1050,0.324074074,55,23,0.418181818,15,0.272727273,38,0.690909091,17,0.309090909
-86.154,39.771,5946,1803,0.303229062,583,0.098049109,2386,0.40127817,3560,0.59872183,87,32,0.367816092,7,0.08045977,39,0.448275862,48,0.551724138
-86.154,39.7715,2543,987,0.388124263,333,0.1309477,1320,0.519071962,1223,0.480928038,52,25,0.480769231,5,0.096153846,30,0.576923077,22,0.423076923
-86.154,39.772,4270,505,0.118266979,308,0.072131148,813,0.190398126,3457,0.809601874,65,15,0.230769231,5,0.076923077,20,0.307692308,45,0.692307692
-86.154,39.7725,3376,44,0.013033175,216,0.063981043,260,0.077014218,3116,0.922985782,45,1,0.022222222,6,0.133333333,7,0.155555556,38,0.844444444
-86.154,39.773,1927,0,0,206,0.10690192,206,0.10690192,1721,0.89309808,36,0,0,4,0.111111111,4,0.111111111,32,0.888888889
-86.154,39.7735,3659,310,0.084722602,22,0.006012572,332,0.090735174,3327,0.909264826,39,4,0.102564103,2,0.051282051,6,0.153846154,33,0.846153846
-86.154,39.774,3238,1276,0.394070414,0,0,1276,0.394070414,1962,0.605929586,52,14,0.269230769,0,0,14,0.269230769,38,0.730769231
-86.154,39.7745,1515,157,0.103630363,0,0,157,0.103630363,1358,0.896369637,30,3,0.1,0,0,3,0.1,27,0.9
-86.154,39.775,5341,656,0.122823441,41,0.007676465,697,0.130499906,4644,0.869500094,57,7,0.122807018,1,0.01754386,8,0.140350877,49,0.859649123
-86.154,39.7755,1327,116,0.087415222,54,0.040693293,170,0.128108515,1157,0.871891485,24,3,0.125,1,0.041666667,4,0.166666667,20,0.833333333
-86.154,39.776,1228,191,0.155537459,51,0.041530945,242,0.197068404,986,0.802931596,19,3,0.157894737,3,0.157894737,6,0.315789474,13,0.684210526
-86.154,39.7765,4490,245,0.054565702,56,0.01247216,301,0.067037862,4189,0.932962138,45,4,0.088888889,1,0.022222222,5,0.111111111,40,0.888888889
-86.154,39.777,734,46,0.0626703,0,0,46,0.0626703,688,0.9373297,15,1,0.066666667,0,0,1,0.066666667,14,0.933333333
-86.154,39.7775,2140,51,0.023831776,0,0,51,0.023831776,2089,0.976168224,41,2,0.048780488,0,0,2,0.048780488,39,0.951219512
-86.1535,39.7655,440,0,0,261,0.593181818,261,0.593181818,179,0.406818182,7,0,0,5,0.714285714,5,0.714285714,2,0.285714286
-86.1535,39.7665,9638,5799,0.601680847,1702,0.176592654,7501,0.778273501,2137,0.221726499,35,12,0.342857143,5,0.142857143,17,0.485714286,18,0.514285714
-86.1535,39.767,1925,230,0.119480519,629,0.326753247,859,0.446233766,1066,0.553766234,32,8,0.25,8,0.25,16,0.5,16,0.5
-86.1535,39.7695,2427,2162,0.890811702,101,0.041615163,2263,0.932426864,164,0.067573136,24,20,0.833333333,2,0.083333333,22,0.916666667,2,0.083333333
-86.1535,39.771,1510,156,0.103311258,121,0.08013245,277,0.183443709,1233,0.816556291,35,4,0.114285714,2,0.057142857,6,0.171428571,29,0.828571429
-86.1535,39.7725,498,45,0.090361446,43,0.086345382,88,0.176706827,410,0.823293173,19,1,0.052631579,2,0.105263158,3,0.157894737,16,0.842105263
-86.1535,39.7735,604,179,0.296357616,0,0,179,0.296357616,425,0.703642384,10,5,0.5,0,0,5,0.5,5,0.5
-86.1535,39.774,1619,827,0.510809141,0,0,827,0.510809141,792,0.489190859,24,13,0.541666667,0,0,13,0.541666667,11,0.458333333
-86.1535,39.775,2509,251,0.100039857,0,0,251,0.100039857,2258,0.899960143,25,3,0.12,0,0,3,0.12,22,0.88
-86.1535,39.7775,8070,618,0.076579926,0,0,618,0.076579926,7452,0.923420074,60,5,0.083333333,0,0,5,0.083333333,55,0.916666667
-86.153,39.7655,430,0,0,266,0.618604651,266,0.618604651,164,0.381395349,7,0,0,5,0.714285714,5,0.714285714,2,0.285714286
-86.153,39.7665,6940,4515,0.650576369,641,0.092363112,5156,0.742939481,1784,0.257060519,46,17,0.369565217,5,0.108695652,22,0.47826087,24,0.52173913
-86.153,39.767,1645,367,0.223100304,138,0.083890578,505,0.306990881,1140,0.693009119,27,6,0.222222222,2,0.074074074,8,0.296296296,19,0.703703704
-86.153,39.7695,1085,816,0.752073733,101,0.093087558,917,0.84516129,168,0.15483871,25,19,0.76,2,0.08,21,0.84,4,0.16
-86.153,39.771,1543,16,0.01036941,105,0.068049255,121,0.078418665,1422,0.921581335,34,2,0.058823529,2,0.058823529,4,0.117647059,30,0.882352941
-86.153,39.7725,645,0,0,39,0.060465116,39,0.060465116,606,0.939534884,9,0,0,1,0.111111111,1,0.111111111,8,0.888888889
-86.153,39.7735,347,73,0.21037464,0,0,73,0.21037464,274,0.78962536,10,3,0.3,0,0,3,0.3,7,0.7
-86.153,39.774,844,435,0.515402844,0,0,435,0.515402844,409,0.484597156,27,13,0.481481481,0,0,13,0.481481481,14,0.518518519
-86.153,39.775,4245,1084,0.255359246,0,0,1084,0.255359246,3161,0.744640754,35,5,0.142857143,0,0,5,0.142857143,30,0.857142857
-86.153,39.7775,1988,160,0.080482897,0,0,160,0.080482897,1828,0.919517103,29,6,0.206896552,0,0,6,0.206896552,23,0.793103448
-86.1525,39.7655,10291,1627,0.15809931,2571,0.249829948,4198,0.407929259,6093,0.592070741,56,16,0.285714286,15,0.267857143,31,0.553571429,25,0.446428571
-86.1525,39.766,1640,660,0.402439024,422,0.257317073,1082,0.659756098,558,0.340243902,26,13,0.5,4,0.153846154,17,0.653846154,9,0.346153846
-86.1525,39.7665,9108,1605,0.176218709,2524,0.277119016,4129,0.453337725,4979,0.546662275,97,23,0.237113402,16,0.164948454,39,0.402061856,58,0.597938144
-86.1525,39.767,9862,962,0.097546137,1014,0.102818901,1976,0.200365038,7886,0.799634962,90,13,0.144444444,8,0.088888889,21,0.233333333,69,0.766666667
-86.1525,39.7675,3390,470,0.138643068,448,0.132153392,918,0.27079646,2472,0.72920354,93,11,0.11827957,10,0.107526882,21,0.225806452,72,0.774193548
-86.1525,39.768,4280,1110,0.259345794,702,0.164018692,1812,0.423364486,2468,0.576635514,108,22,0.203703704,12,0.111111111,34,0.314814815,74,0.685185185
-86.1525,39.7685,6271,2516,0.401211928,522,0.083240313,3038,0.48445224,3233,0.51554776,81,30,0.37037037,2,0.024691358,32,0.395061728,49,0.604938272
-86.1525,39.769,2927,833,0.284591732,217,0.074137342,1050,0.358729074,1877,0.641270926,59,18,0.305084746,3,0.050847458,21,0.355932203,38,0.644067797
-86.1525,39.7695,15715,5604,0.356601973,461,0.02933503,6065,0.385937003,9650,0.614062997,279,119,0.426523297,5,0.017921147,124,0.444444444,155,0.555555556
-86.1525,39.77,8893,760,0.085460475,372,0.041830653,1132,0.127291128,7761,0.872708872,101,9,0.089108911,7,0.069306931,16,0.158415842,85,0.841584158
-86.1525,39.7705,3791,0,0,154,0.040622527,154,0.040622527,3637,0.959377473,84,0,0,1,0.011904762,1,0.011904762,83,0.988095238
-86.1525,39.771,11400,0,0,484,0.04245614,484,0.04245614,10916,0.95754386,150,0,0,6,0.04,6,0.04,144,0.96
-86.1525,39.7715,1919,0,0,47,0.024491923,47,0.024491923,1872,0.975508077,51,0,0,1,0.019607843,1,0.019607843,50,0.980392157
-86.1525,39.772,805,0,0,36,0.044720497,36,0.044720497,769,0.955279503,28,0,0,1,0.035714286,1,0.035714286,27,0.964285714
-86.1525,39.7725,4602,87,0.018904824,118,0.025641026,205,0.04454585,4397,0.95545415,37,1,0.027027027,2,0.054054054,3,0.081081081,34,0.918918919
-86.1525,39.7735,4489,213,0.047449321,0,0,213,0.047449321,4276,0.952550679,27,6,0.222222222,0,0,6,0.222222222,21,0.777777778
-86.1525,39.774,603,304,0.504145937,0,0,304,0.504145937,299,0.495854063,24,11,0.458333333,0,0,11,0.458333333,13,0.541666667
-86.1525,39.775,3090,528,0.170873786,0,0,528,0.170873786,2562,0.829126214,34,8,0.235294118,0,0,8,0.235294118,26,0.764705882
-86.1525,39.7775,1666,284,0.170468187,0,0,284,0.170468187,1382,0.829531813,26,4,0.153846154,0,0,4,0.153846154,22,0.846153846
-86.152,39.7655,1336,385,0.288173653,429,0.321107784,814,0.609281437,522,0.390718563,23,5,0.217391304,12,0.52173913,17,0.739130435,6,0.260869565
-86.152,39.7665,2337,41,0.01754386,294,0.125802311,335,0.14334617,2002,0.85665383,14,1,0.071428571,2,0.142857143,3,0.214285714,11,0.785714286
-86.152,39.767,694,62,0.089337176,101,0.145533141,163,0.234870317,531,0.765129683,11,1,0.090909091,2,0.181818182,3,0.272727273,8,0.727272727
-86.152,39.768,785,200,0.25477707,389,0.495541401,589,0.750318471,196,0.249681529,6,2,0.333333333,2,0.333333333,4,0.666666667,2,0.333333333
-86.152,39.7695,7246,5648,0.779464532,37,0.005106266,5685,0.784570798,1561,0.215429202,60,34,0.566666667,1,0.016666667,35,0.583333333,25,0.416666667
-86.152,39.771,7010,0,0,2348,0.334950071,2348,0.334950071,4662,0.665049929,75,0,0,17,0.226666667,17,0.226666667,58,0.773333333
-86.152,39.7715,2706,0,0,791,0.292313378,791,0.292313378,1915,0.707686622,68,0,0,8,0.117647059,8,0.117647059,60,0.882352941
-86.152,39.772,3675,0,0,818,0.222585034,818,0.222585034,2857,0.777414966,85,0,0,14,0.164705882,14,0.164705882,71,0.835294118
-86.152,39.7725,12898,317,0.024577454,3190,0.247325167,3507,0.271902621,9391,0.728097379,144,9,0.0625,40,0.277777778,49,0.340277778,95,0.659722222
-86.152,39.773,3783,523,0.138250066,1045,0.276235792,1568,0.414485858,2215,0.585514142,66,11,0.166666667,14,0.212121212,25,0.378787879,41,0.621212121
-86.152,39.7735,16586,4213,0.254009406,6770,0.40817557,10983,0.662184975,5603,0.337815025,102,23,0.225490196,24,0.235294118,47,0.460784314,55,0.539215686
-86.152,39.774,13859,2108,0.152103326,0,0,2108,0.152103326,11751,0.847896674,89,18,0.202247191,0,0,18,0.202247191,71,0.797752809
-86.152,39.7745,3047,1421,0.466360354,0,0,1421,0.466360354,1626,0.533639646,46,15,0.326086957,0,0,15,0.326086957,31,0.673913043
-86.152,39.775,7259,1271,0.175092988,0,0,1271,0.175092988,5988,0.824907012,103,26,0.252427184,0,0,26,0.252427184,77,0.747572816
-86.152,39.7755,6457,2819,0.436580455,0,0,2819,0.436580455,3638,0.563419545,63,36,0.571428571,0,0,36,0.571428571,27,0.428571429
-86.152,39.776,1453,603,0.415003441,0,0,603,0.415003441,850,0.584996559,18,6,0.333333333,0,0,6,0.333333333,12,0.666666667
-86.152,39.7765,1368,568,0.415204678,0,0,568,0.415204678,800,0.584795322,21,6,0.285714286,0,0,6,0.285714286,15,0.714285714
-86.152,39.777,1525,668,0.438032787,0,0,668,0.438032787,857,0.561967213,20,6,0.3,0,0,6,0.3,14,0.7
-86.152,39.7775,8818,3521,0.399296893,0,0,3521,0.399296893,5297,0.600703107,43,10,0.23255814,0,0,10,0.23255814,33,0.76744186
-86.1515,39.766,1317,291,0.22095672,467,0.354593774,758,0.575550494,559,0.424449506,29,6,0.206896552,13,0.448275862,19,0.655172414,10,0.344827586
-86.1515,39.7665,2968,251,0.084568733,1833,0.617587601,2084,0.702156334,884,0.297843666,39,8,0.205128205,8,0.205128205,16,0.41025641,23,0.58974359
-86.1515,39.7695,3664,3010,0.82150655,38,0.010371179,3048,0.831877729,616,0.168122271,54,32,0.592592593,1,0.018518519,33,0.611111111,21,0.388888889
-86.1515,39.771,2032,0,0,621,0.305610236,621,0.305610236,1411,0.694389764,52,0,0,13,0.25,13,0.25,39,0.75
-86.1515,39.7735,3979,770,0.193515959,2046,0.514199548,2816,0.707715506,1163,0.292284494,61,11,0.180327869,22,0.360655738,33,0.540983607,28,0.459016393
-86.1515,39.774,288,42,0.145833333,0,0,42,0.145833333,246,0.854166667,6,2,0.333333333,0,0,2,0.333333333,4,0.666666667
-86.1515,39.775,2131,273,0.128108869,0,0,273,0.128108869,1858,0.871891131,43,9,0.209302326,0,0,9,0.209302326,34,0.790697674
-86.1515,39.7775,8540,3292,0.385480094,0,0,3292,0.385480094,5248,0.614519906,63,24,0.380952381,0,0,24,0.380952381,39,0.619047619
-86.151,39.7665,10566,576,0.05451448,1836,0.173764906,2412,0.228279387,8154,0.771720613,85,14,0.164705882,21,0.247058824,35,0.411764706,50,0.588235294
-86.151,39.7695,5752,4283,0.74461057,54,0.009388039,4337,0.753998609,1415,0.246001391,144,80,0.555555556,4,0.027777778,84,0.583333333,60,0.416666667
-86.151,39.771,2666,0,0,664,0.249062266,664,0.249062266,2002,0.750937734,58,0,0,15,0.25862069,15,0.25862069,43,0.74137931
-86.151,39.7735,4402,1246,0.283053158,732,0.166288051,1978,0.449341209,2424,0.550658791,64,13,0.203125,28,0.4375,41,0.640625,23,0.359375
-86.151,39.775,2024,473,0.233695652,0,0,473,0.233695652,1551,0.766304348,47,15,0.319148936,0,0,15,0.319148936,32,0.680851064
-86.151,39.7775,1805,0,0,0,0,0,0,1805,1,30,0,0,0,0,0,0,30,1
-86.1505,39.7665,6076,655,0.107801185,600,0.098749177,1255,0.206550362,4821,0.793449638,97,6,0.06185567,19,0.195876289,25,0.257731959,72,0.742268041
-86.1505,39.767,3012,76,0.025232404,503,0.166998672,579,0.192231076,2433,0.807768924,45,3,0.066666667,8,0.177777778,11,0.244444444,34,0.755555556
-86.1505,39.7675,1933,0,0,419,0.216761511,419,0.216761511,1514,0.783238489,31,0,0,7,0.225806452,7,0.225806452,24,0.774193548
-86.1505,39.768,4499,389,0.086463659,1067,0.237163814,1456,0.323627473,3043,0.676372527,56,4,0.071428571,11,0.196428571,15,0.267857143,41,0.732142857
-86.1505,39.7685,4158,1215,0.292207792,417,0.1002886,1632,0.392496392,2526,0.607503608,45,6,0.133333333,11,0.244444444,17,0.377777778,28,0.622222222
-86.1505,39.769,6176,2643,0.427946891,698,0.113018135,3341,0.540965026,2835,0.459034974,61,12,0.196721311,20,0.327868852,32,0.524590164,29,0.475409836
-86.1505,39.7695,16738,7106,0.424542956,2931,0.175110527,10037,0.599653483,6701,0.400346517,192,80,0.416666667,18,0.09375,98,0.510416667,94,0.489583333
-86.1505,39.77,3964,2433,0.613773966,265,0.066851665,2698,0.680625631,1266,0.319374369,67,33,0.492537313,4,0.059701493,37,0.552238806,30,0.447761194
-86.1505,39.7705,5302,2684,0.506224066,391,0.073745756,3075,0.579969823,2227,0.420030177,62,23,0.370967742,4,0.064516129,27,0.435483871,35,0.564516129
-86.1505,39.771,19813,3262,0.164639378,5972,0.301418261,9234,0.466057639,10579,0.533942361,254,38,0.149606299,65,0.255905512,103,0.405511811,151,0.594488189
-86.1505,39.7715,8755,2487,0.284066248,1410,0.161050828,3897,0.445117076,4858,0.554882924,116,37,0.318965517,20,0.172413793,57,0.49137931,59,0.50862069
-86.1505,39.772,9584,2349,0.245095993,1211,0.126356427,3560,0.371452421,6024,0.628547579,133,39,0.293233083,15,0.112781955,54,0.406015038,79,0.593984962
-86.1505,39.7725,6516,1104,0.169429098,634,0.097298956,1738,0.266728054,4778,0.733271946,136,39,0.286764706,10,0.073529412,49,0.360294118,87,0.639705882
-86.1505,39.773,10246,1093,0.106675776,957,0.093402303,2050,0.200078079,8196,0.799921921,152,23,0.151315789,26,0.171052632,49,0.322368421,103,0.677631579
-86.1505,39.7735,25661,5829,0.227154047,4206,0.163906317,10035,0.391060364,15626,0.608939636,251,49,0.195219124,33,0.131474104,82,0.326693227,169,0.673306773
-86.1505,39.774,4043,1253,0.309918377,18,0.00445214,1271,0.314370517,2772,0.685629483,54,18,0.333333333,1,0.018518519,19,0.351851852,35,0.648148148
-86.1505,39.7745,3025,1226,0.405289256,0,0,1226,0.405289256,1799,0.594710744,52,25,0.480769231,0,0,25,0.480769231,27,0.519230769
-86.1505,39.775,10023,2223,0.221789883,0,0,2223,0.221789883,7800,0.778210117,120,28,0.233333333,0,0,28,0.233333333,92,0.766666667
-86.1505,39.7755,1534,420,0.273794003,0,0,420,0.273794003,1114,0.726205997,45,11,0.244444444,0,0,11,0.244444444,34,0.755555556
-86.1505,39.776,578,39,0.067474048,0,0,39,0.067474048,539,0.932525952,17,3,0.176470588,0,0,3,0.176470588,14,0.823529412
-86.1505,39.7775,2089,0,0,0,0,0,0,2089,1,33,0,0,0,0,0,0,33,1
-86.15,39.7665,2862,0,0,1047,0.365828092,1047,0.365828092,1815,0.634171908,45,0,0,9,0.2,9,0.2,36,0.8
-86.15,39.768,150,0,0,0,0,0,0,150,1,2,0,0,0,0,0,0,2,1
-86.15,39.7695,1017,297,0.292035398,0,0,297,0.292035398,720,0.707964602,21,7,0.333333333,0,0,7,0.333333333,14,0.666666667
-86.15,39.771,585,14,0.023931624,0,0,14,0.023931624,571,0.976068376,25,1,0.04,0,0,1,0.04,24,0.96
-86.15,39.7735,1652,703,0.425544794,0,0,703,0.425544794,949,0.574455206,26,12,0.461538462,0,0,12,0.461538462,14,0.538461538
-86.15,39.7745,385,114,0.296103896,0,0,114,0.296103896,271,0.703896104,8,2,0.25,0,0,2,0.25,6,0.75
-86.15,39.775,3807,891,0.234042553,0,0,891,0.234042553,2916,0.765957447,43,15,0.348837209,0,0,15,0.348837209,28,0.651162791
-86.15,39.7755,1131,250,0.221043324,0,0,250,0.221043324,881,0.778956676,33,5,0.151515152,0,0,5,0.151515152,28,0.848484848
-86.15,39.776,3733,180,0.048218591,0,0,180,0.048218591,3553,0.951781409,65,6,0.092307692,0,0,6,0.092307692,59,0.907692308
-86.15,39.7765,3182,0,0,3,0.000942803,3,0.000942803,3179,0.999057197,65,0,0,1,0.015384615,1,0.015384615,64,0.984615385
-86.15,39.777,2688,0,0,39,0.014508929,39,0.014508929,2649,0.985491071,82,0,0,2,0.024390244,2,0.024390244,80,0.975609756
-86.15,39.7775,5967,0,0,0,0,0,0,5967,1,71,0,0,0,0,0,0,71,1
-86.1495,39.7665,2001,0,0,428,0.213893053,428,0.213893053,1573,0.786106947,53,0,0,10,0.188679245,10,0.188679245,43,0.811320755
-86.1495,39.768,112,0,0,0,0,0,0,112,1,3,0,0,0,0,0,0,3,1
-86.1495,39.7695,799,307,0.384230288,0,0,307,0.384230288,492,0.615769712,19,7,0.368421053,0,0,7,0.368421053,12,0.631578947
-86.1495,39.771,601,8,0.013311148,0,0,8,0.013311148,593,0.986688852,30,1,0.033333333,0,0,1,0.033333333,29,0.966666667
-86.1495,39.7735,923,657,0.711809317,0,0,657,0.711809317,266,0.288190683,15,8,0.533333333,0,0,8,0.533333333,7,0.466666667
-86.1495,39.775,870,97,0.111494253,0,0,97,0.111494253,773,0.888505747,21,6,0.285714286,0,0,6,0.285714286,15,0.714285714
-86.1495,39.7775,1056,36,0.034090909,0,0,36,0.034090909,1020,0.965909091,24,1,0.041666667,0,0,1,0.041666667,23,0.958333333
-86.149,39.7655,525,0,0,316,0.601904762,316,0.601904762,209,0.398095238,10,0,0,5,0.5,5,0.5,5,0.5
-86.149,39.766,1138,0,0,433,0.380492091,433,0.380492091,705,0.619507909,24,0,0,5,0.208333333,5,0.208333333,19,0.791666667
-86.149,39.7665,4994,0,0,2193,0.439126952,2193,0.439126952,2801,0.560873048,84,0,0,13,0.154761905,13,0.154761905,71,0.845238095
-86.149,39.767,2638,0,0,0,0,0,0,2638,1,56,0,0,0,0,0,0,56,1
-86.149,39.7675,1681,25,0.0148721,0,0,25,0.0148721,1656,0.9851279,42,1,0.023809524,0,0,1,0.023809524,41,0.976190476
-86.149,39.768,5838,74,0.012675574,0,0,74,0.012675574,5764,0.987324426,60,3,0.05,0,0,3,0.05,57,0.95
-86.149,39.7685,3425,114,0.033284672,0,0,114,0.033284672,3311,0.966715328,39,5,0.128205128,0,0,5,0.128205128,34,0.871794872
-86.149,39.769,792,123,0.15530303,0,0,123,0.15530303,669,0.84469697,15,2,0.133333333,0,0,2,0.133333333,13,0.866666667
-86.149,39.7695,4214,819,0.194352159,0,0,819,0.194352159,3395,0.805647841,50,11,0.22,0,0,11,0.22,39,0.78
-86.149,39.771,626,0,0,0,0,0,0,626,1,25,0,0,0,0,0,0,25,1
-86.149,39.772,146,0,0,0,0,0,0,146,1,1,0,0,0,0,0,0,1,1
-86.149,39.7735,756,547,0.723544974,0,0,547,0.723544974,209,0.276455026,13,8,0.615384615,0,0,8,0.615384615,5,0.384615385
-86.149,39.775,12497,0,0,0,0,0,0,12497,1,79,0,0,0,0,0,0,79,1
-86.149,39.7775,2623,41,0.015630957,0,0,41,0.015630957,2582,0.984369043,20,1,0.05,0,0,1,0.05,19,0.95
-86.1485,39.7665,3518,0,0,1520,0.432063673,1520,0.432063673,1998,0.567936327,15,0,0,6,0.4,6,0.4,9,0.6
-86.1485,39.768,1262,0,0,0,0,0,0,1262,1,25,0,0,0,0,0,0,25,1
-86.1485,39.7685,940,126,0.134042553,0,0,126,0.134042553,814,0.865957447,30,5,0.166666667,0,0,5,0.166666667,25,0.833333333
-86.1485,39.769,1846,256,0.138678223,0,0,256,0.138678223,1590,0.861321777,36,5,0.138888889,0,0,5,0.138888889,31,0.861111111
-86.1485,39.7695,9469,1519,0.160418207,0,0,1519,0.160418207,7950,0.839581793,82,13,0.158536585,0,0,13,0.158536585,69,0.841463415
-86.1485,39.77,3753,1486,0.395949907,0,0,1486,0.395949907,2267,0.604050093,64,21,0.328125,0,0,21,0.328125,43,0.671875
-86.1485,39.7705,2268,483,0.212962963,0,0,483,0.212962963,1785,0.787037037,34,15,0.441176471,0,0,15,0.441176471,19,0.558823529
-86.1485,39.771,6335,778,0.122809787,0,0,778,0.122809787,5557,0.877190213,70,17,0.242857143,0,0,17,0.242857143,53,0.757142857
-86.1485,39.7715,3354,778,0.231961837,0,0,778,0.231961837,2576,0.768038163,41,8,0.195121951,0,0,8,0.195121951,33,0.804878049
-86.1485,39.772,2644,387,0.146369138,0,0,387,0.146369138,2257,0.853630862,44,8,0.181818182,0,0,8,0.181818182,36,0.818181818
-86.1485,39.7725,3497,295,0.084358021,0,0,295,0.084358021,3202,0.915641979,43,4,0.093023256,0,0,4,0.093023256,39,0.906976744
-86.1485,39.773,4370,2086,0.477345538,0,0,2086,0.477345538,2284,0.522654462,43,3,0.069767442,0,0,3,0.069767442,40,0.930232558
-86.1485,39.7735,7309,2350,0.321521412,0,0,2350,0.321521412,4959,0.678478588,68,19,0.279411765,0,0,19,0.279411765,49,0.720588235
-86.1485,39.774,8115,0,0,0,0,0,0,8115,1,60,0,0,0,0,0,0,60,1
-86.1485,39.7745,2274,34,0.014951627,0,0,34,0.014951627,2240,0.985048373,32,1,0.03125,0,0,1,0.03125,31,0.96875
-86.1485,39.775,8825,246,0.027875354,0,0,246,0.027875354,8579,0.972124646,54,2,0.037037037,0,0,2,0.037037037,52,0.962962963
-86.1485,39.7755,2911,103,0.03538303,0,0,103,0.03538303,2808,0.96461697,25,1,0.04,0,0,1,0.04,24,0.96
-86.1485,39.776,395,25,0.063291139,0,0,25,0.063291139,370,0.936708861,12,1,0.083333333,0,0,1,0.083333333,11,0.916666667
-86.1485,39.7765,526,0,0,0,0,0,0,526,1,10,0,0,0,0,0,0,10,1
-86.1485,39.777,881,0,0,0,0,0,0,881,1,10,0,0,0,0,0,0,10,1
-86.1485,39.7775,3946,201,0.050937658,0,0,201,0.050937658,3745,0.949062342,29,4,0.137931034,0,0,4,0.137931034,25,0.862068966
-86.148,39.768,615,0,0,0,0,0,0,615,1,17,0,0,0,0,0,0,17,1
-86.148,39.7695,1776,455,0.256193694,0,0,455,0.256193694,1321,0.743806306,22,2,0.090909091,0,0,2,0.090909091,20,0.909090909
-86.148,39.771,525,52,0.099047619,0,0,52,0.099047619,473,0.900952381,33,6,0.181818182,0,0,6,0.181818182,27,0.818181818
-86.148,39.7725,1241,87,0.070104754,0,0,87,0.070104754,1154,0.929895246,18,2,0.111111111,0,0,2,0.111111111,16,0.888888889
-86.148,39.773,61,0,0,0,0,0,0,61,1,1,0,0,0,0,0,0,1,1
-86.148,39.7735,2634,2076,0.788154897,0,0,2076,0.788154897,558,0.211845103,36,22,0.611111111,0,0,22,0.611111111,14,0.388888889
-86.148,39.775,1243,0,0,0,0,0,0,1243,1,22,0,0,0,0,0,0,22,1
-86.148,39.7755,501,478,0.954091816,0,0,478,0.954091816,23,0.045908184,6,4,0.666666667,0,0,4,0.666666667,2,0.333333333
-86.148,39.7775,1337,0,0,0,0,0,0,1337,1,11,0,0,0,0,0,0,11,1
-86.1475,39.768,643,0,0,0,0,0,0,643,1,17,0,0,0,0,0,0,17,1
-86.1475,39.7695,914,63,0.06892779,0,0,63,0.06892779,851,0.93107221,15,2,0.133333333,0,0,2,0.133333333,13,0.866666667
-86.1475,39.771,607,177,0.291598023,0,0,177,0.291598023,430,0.708401977,29,6,0.206896552,0,0,6,0.206896552,23,0.793103448
-86.1475,39.772,251,37,0.147410359,0,0,37,0.147410359,214,0.852589641,5,1,0.2,0,0,1,0.2,4,0.8
-86.1475,39.7725,1578,230,0.145754119,0,0,230,0.145754119,1348,0.854245881,23,4,0.173913043,0,0,4,0.173913043,19,0.826086957
-86.1475,39.7735,624,232,0.371794872,0,0,232,0.371794872,392,0.628205128,19,8,0.421052632,0,0,8,0.421052632,11,0.578947368
-86.1475,39.775,642,0,0,0,0,0,0,642,1,16,0,0,0,0,0,0,16,1
-86.1475,39.7775,643,0,0,0,0,0,0,643,1,13,0,0,0,0,0,0,13,1
-86.147,39.768,1252,0,0,0,0,0,0,1252,1,22,0,0,0,0,0,0,22,1
-86.147,39.7685,529,0,0,0,0,0,0,529,1,2,0,0,0,0,0,0,2,1
-86.147,39.7695,2063,84,0.040717402,0,0,84,0.040717402,1979,0.959282598,24,3,0.125,0,0,3,0.125,21,0.875
-86.147,39.77,124,0,0,0,0,0,0,124,1,2,0,0,0,0,0,0,2,1
-86.147,39.7705,125,0,0,0,0,0,0,125,1,2,0,0,0,0,0,0,2,1
-86.147,39.771,650,77,0.118461538,0,0,77,0.118461538,573,0.881538462,27,3,0.111111111,0,0,3,0.111111111,24,0.888888889
-86.147,39.772,1500,23,0.015333333,0,0,23,0.015333333,1477,0.984666667,9,1,0.111111111,0,0,1,0.111111111,8,0.888888889
-86.147,39.7725,2563,519,0.202497074,0,0,519,0.202497074,2044,0.797502926,23,4,0.173913043,0,0,4,0.173913043,19,0.826086957
-86.147,39.7735,1284,309,0.240654206,0,0,309,0.240654206,975,0.759345794,24,8,0.333333333,0,0,8,0.333333333,16,0.666666667
-86.147,39.7745,103,103,1,0,0,103,1,0,0,2,2,1,0,0,2,1,0,0
-86.147,39.775,1462,144,0.098495212,0,0,144,0.098495212,1318,0.901504788,29,6,0.206896552,0,0,6,0.206896552,23,0.793103448
-86.147,39.7755,134,0,0,0,0,0,0,134,1,2,0,0,0,0,0,0,2,1
-86.147,39.776,516,6,0.011627907,0,0,6,0.011627907,510,0.988372093,5,1,0.2,0,0,1,0.2,4,0.8
-86.147,39.7765,534,0,0,0,0,0,0,534,1,2,0,0,0,0,0,0,2,1
-86.147,39.777,156,0,0,0,0,0,0,156,1,2,0,0,0,0,0,0,2,1
-86.147,39.7775,840,0,0,0,0,0,0,840,1,15,0,0,0,0,0,0,15,1
-86.1465,39.768,1104,0,0,0,0,0,0,1104,1,15,0,0,0,0,0,0,15,1
-86.1465,39.7685,105,0,0,0,0,0,0,105,1,2,0,0,0,0,0,0,2,1
-86.1465,39.7695,526,50,0.095057034,0,0,50,0.095057034,476,0.904942966,17,2,0.117647059,0,0,2,0.117647059,15,0.882352941
-86.1465,39.771,511,30,0.058708415,0,0,30,0.058708415,481,0.941291585,27,2,0.074074074,0,0,2,0.074074074,25,0.925925926
-86.1465,39.772,214,0,0,0,0,0,0,214,1,4,0,0,0,0,0,0,4,1
-86.1465,39.7725,1676,329,0.196300716,0,0,329,0.196300716,1347,0.803699284,26,10,0.384615385,0,0,10,0.384615385,16,0.615384615
-86.1465,39.7735,532,125,0.234962406,0,0,125,0.234962406,407,0.765037594,16,3,0.1875,0,0,3,0.1875,13,0.8125
-86.1465,39.775,1065,0,0,0,0,0,0,1065,1,26,0,0,0,0,0,0,26,1
-86.1465,39.7765,132,0,0,0,0,0,0,132,1,4,0,0,0,0,0,0,4,1
-86.1465,39.7775,711,0,0,0,0,0,0,711,1,20,0,0,0,0,0,0,20,1
-86.146,39.7665,386,0,0,173,0.448186528,173,0.448186528,213,0.551813472,8,0,0,4,0.5,4,0.5,4,0.5
-86.146,39.768,665,0,0,0,0,0,0,665,1,14,0,0,0,0,0,0,14,1
-86.146,39.7695,566,33,0.058303887,0,0,33,0.058303887,533,0.941696113,17,1,0.058823529,0,0,1,0.058823529,16,0.941176471
-86.146,39.771,521,0,0,0,0,0,0,521,1,15,0,0,0,0,0,0,15,1
-86.146,39.772,196,0,0,0,0,0,0,196,1,3,0,0,0,0,0,0,3,1
-86.146,39.7725,1343,350,0.260610573,0,0,350,0.260610573,993,0.739389427,18,6,0.333333333,0,0,6,0.333333333,12,0.666666667
-86.146,39.7735,515,123,0.238834951,0,0,123,0.238834951,392,0.761165049,14,3,0.214285714,0,0,3,0.214285714,11,0.785714286
-86.146,39.775,668,0,0,0,0,0,0,668,1,20,0,0,0,0,0,0,20,1
-86.146,39.7765,85,0,0,0,0,0,0,85,1,1,0,0,0,0,0,0,1,1
-86.146,39.7775,1079,0,0,0,0,0,0,1079,1,14,0,0,0,0,0,0,14,1
-86.1455,39.7655,252,0,0,0,0,0,0,252,1,6,0,0,0,0,0,0,6,1
-86.1455,39.766,287,0,0,0,0,0,0,287,1,6,0,0,0,0,0,0,6,1
-86.1455,39.7665,2241,0,0,715,0.319053994,715,0.319053994,1526,0.680946006,33,0,0,16,0.484848485,16,0.484848485,17,0.515151515
-86.1455,39.768,2808,0,0,0,0,0,0,2808,1,24,0,0,0,0,0,0,24,1
-86.1455,39.7685,455,0,0,0,0,0,0,455,1,6,0,0,0,0,0,0,6,1
-86.1455,39.769,2124,415,0.195386064,0,0,415,0.195386064,1709,0.804613936,18,2,0.111111111,0,0,2,0.111111111,16,0.888888889
-86.1455,39.7695,2365,232,0.098097252,0,0,232,0.098097252,2133,0.901902748,28,4,0.142857143,0,0,4,0.142857143,24,0.857142857
-86.1455,39.77,999,91,0.091091091,0,0,91,0.091091091,908,0.908908909,21,3,0.142857143,0,0,3,0.142857143,18,0.857142857
-86.1455,39.7705,3296,456,0.138349515,0,0,456,0.138349515,2840,0.861650485,45,10,0.222222222,0,0,10,0.222222222,35,0.777777778
-86.1455,39.771,1466,56,0.038199181,0,0,56,0.038199181,1410,0.961800819,34,3,0.088235294,0,0,3,0.088235294,31,0.911764706
-86.1455,39.7715,427,62,0.145199063,0,0,62,0.145199063,365,0.854800937,13,2,0.153846154,0,0,2,0.153846154,11,0.846153846
-86.1455,39.772,394,0,0,0,0,0,0,394,1,6,0,0,0,0,0,0,6,1
-86.1455,39.7725,3496,467,0.133581236,0,0,467,0.133581236,3029,0.866418764,39,6,0.153846154,0,0,6,0.153846154,33,0.846153846
-86.1455,39.7735,729,282,0.386831276,0,0,282,0.386831276,447,0.613168724,22,9,0.409090909,0,0,9,0.409090909,13,0.590909091
-86.1455,39.775,804,0,0,0,0,0,0,804,1,12,0,0,0,0,0,0,12,1
-86.1455,39.777,213,0,0,0,0,0,0,213,1,1,0,0,0,0,0,0,1,1
-86.1455,39.7775,2013,0,0,0,0,0,0,2013,1,14,0,0,0,0,0,0,14,1
-86.145,39.7705,789,279,0.353612167,0,0,279,0.353612167,510,0.646387833,16,5,0.3125,0,0,5,0.3125,11,0.6875
-86.145,39.771,1097,141,0.128532361,0,0,141,0.128532361,956,0.871467639,27,3,0.111111111,0,0,3,0.111111111,24,0.888888889
-86.145,39.7715,1282,132,0.102964119,0,0,132,0.102964119,1150,0.897035881,37,5,0.135135135,0,0,5,0.135135135,32,0.864864865
-86.145,39.772,1572,160,0.10178117,0,0,160,0.10178117,1412,0.89821883,36,6,0.166666667,0,0,6,0.166666667,30,0.833333333
-86.145,39.7725,1872,158,0.084401709,0,0,158,0.084401709,1714,0.915598291,39,6,0.153846154,0,0,6,0.153846154,33,0.846153846
-86.145,39.773,2350,613,0.260851064,0,0,613,0.260851064,1737,0.739148936,42,13,0.30952381,0,0,13,0.30952381,29,0.69047619
-86.145,39.7735,6181,932,0.150784663,0,0,932,0.150784663,5249,0.849215337,48,21,0.4375,0,0,21,0.4375,27,0.5625
-86.145,39.774,886,90,0.101580135,0,0,90,0.101580135,796,0.898419865,14,2,0.142857143,0,0,2,0.142857143,12,0.857142857
-86.145,39.7745,921,74,0.080347448,0,0,74,0.080347448,847,0.919652552,15,2,0.133333333,0,0,2,0.133333333,13,0.866666667
-86.145,39.775,1034,78,0.075435203,0,0,78,0.075435203,956,0.924564797,17,3,0.176470588,0,0,3,0.176470588,14,0.823529412
-86.145,39.7755,405,63,0.155555556,0,0,63,0.155555556,342,0.844444444,12,4,0.333333333,0,0,4,0.333333333,8,0.666666667
-86.145,39.776,411,57,0.138686131,0,0,57,0.138686131,354,0.861313869,8,1,0.125,0,0,1,0.125,7,0.875
-86.145,39.7765,452,62,0.137168142,0,0,62,0.137168142,390,0.862831858,11,1,0.090909091,0,0,1,0.090909091,10,0.909090909
-86.145,39.777,1573,40,0.025429116,0,0,40,0.025429116,1533,0.974570884,17,1,0.058823529,0,0,1,0.058823529,16,0.941176471
-86.145,39.7775,2024,0,0,0,0,0,0,2024,1,19,0,0,0,0,0,0,19,1