grid_lat,grid_lon,total_sample,mw_sample,mw_ratio,sub6_sample,sub6_ratio,5g_sample,5g_sample,lte_sample,lte_ratio,total_cs_sample,mw_cs_sample,mw_cs_ratio,sub6_cs_sample,sub6_cs_ratio,5g_cs_sample,5g_cs_sample,lte_cs_sample,lte_cs_ratio
-86.1675,39.761,9933,8210,0.8265378032819893,96,0.009664753850800362,8306,0.8362025571327897,1627,0.16379744286721032,36,7,0.19444444444444445,4,0.1111111111111111,11,0.3055555555555556,25,0.6944444444444444
-86.1675,39.7615,51,0,0.0,20,0.39215686274509803,20,0.39215686274509803,31,0.6078431372549019,2,0,0.0,1,0.5,1,0.5,1,0.5
-86.1675,39.7655,115,0,0.0,0,0.0,0,0.0,115,1.0,1,0,0.0,0,0.0,0,0.0,1,1.0
-86.1675,39.767,50,45,0.9,0,0.0,45,0.9,5,0.1,3,2,0.6666666666666666,0,0.0,2,0.6666666666666666,1,0.3333333333333333
-86.1675,39.7725,70,0,0.0,0,0.0,0,0.0,70,1.0,2,0,0.0,0,0.0,0,0.0,2,1.0
-86.1675,39.774,387,0,0.0,197,0.5090439276485789,197,0.5090439276485789,190,0.4909560723514212,8,0,0.0,5,0.625,5,0.625,3,0.375
-86.1675,39.776,43,0,0.0,0,0.0,0,0.0,43,1.0,1,0,0.0,0,0.0,0,0.0,1,1.0
-86.1675,39.7775,125,0,0.0,38,0.304,38,0.304,87,0.696,26,0,0.0,8,0.3076923076923077,8,0.3076923076923077,18,0.6923076923076923
-86.1675,39.778,1528,0,0.0,788,0.5157068062827225,788,0.5157068062827225,740,0.48429319371727747,70,0,0.0,32,0.45714285714285713,32,0.45714285714285713,38,0.5428571428571428
-86.1675,39.7785,1862,0,0.0,955,0.5128893662728249,955,0.5128893662728249,907,0.48711063372717506,87,0,0.0,43,0.4942528735632184,43,0.4942528735632184,44,0.5057471264367817
-86.1675,39.779,1880,0,0.0,1049,0.5579787234042554,1049,0.5579787234042554,831,0.4420212765957447,59,0,0.0,34,0.576271186440678,34,0.576271186440678,25,0.423728813559322
-86.1675,39.7795,1754,0,0.0,1016,0.5792474344355758,1016,0.5792474344355758,738,0.4207525655644242,60,0,0.0,35,0.5833333333333334,35,0.5833333333333334,25,0.4166666666666667
-86.1675,39.78,1934,0,0.0,993,0.5134436401240952,993,0.5134436401240952,941,0.48655635987590484,67,0,0.0,29,0.43283582089552236,29,0.43283582089552236,38,0.5671641791044776
-86.1675,39.7805,4115,0,0.0,650,0.15795868772782504,650,0.15795868772782504,3465,0.8420413122721749,71,0,0.0,20,0.28169014084507044,20,0.28169014084507044,51,0.7183098591549296
-86.1675,39.781,1,0,0.0,0,0.0,0,0.0,1,1.0,1,0,0.0,0,0.0,0,0.0,1,1.0
-86.167,39.761,5488,620,0.1129737609329446,1255,0.2286807580174927,1875,0.3416545189504373,3613,0.6583454810495627,102,12,0.11764705882352941,22,0.21568627450980393,34,0.3333333333333333,68,0.6666666666666666
-86.167,39.7615,20070,2003,0.09980069755854509,5008,0.24952665670154459,7011,0.34932735426008965,13059,0.6506726457399103,130,19,0.14615384615384616,27,0.2076923076923077,46,0.35384615384615387,84,0.6461538461538462
-86.167,39.762,610,0,0.0,211,0.34590163934426227,211,0.34590163934426227,399,0.6540983606557377,12,0,0.0,5,0.4166666666666667,5,0.4166666666666667,7,0.5833333333333334
-86.167,39.7625,435,0,0.0,103,0.2367816091954023,103,0.2367816091954023,332,0.7632183908045977,15,0,0.0,6,0.4,6,0.4,9,0.6
-86.167,39.763,421,0,0.0,52,0.12351543942992874,52,0.12351543942992874,369,0.8764845605700713,22,0,0.0,3,0.13636363636363635,3,0.13636363636363635,19,0.8636363636363636
-86.167,39.7635,530,0,0.0,38,0.07169811320754717,38,0.07169811320754717,492,0.9283018867924528,12,0,0.0,1,0.08333333333333333,1,0.08333333333333333,11,0.9166666666666666
-86.167,39.764,3165,0,0.0,217,0.06856240126382307,217,0.06856240126382307,2948,0.9314375987361769,25,0,0.0,5,0.2,5,0.2,20,0.8
-86.167,39.7645,721,0,0.0,43,0.059639389736477116,43,0.059639389736477116,678,0.9403606102635229,23,0,0.0,3,0.13043478260869565,3,0.13043478260869565,20,0.8695652173913043
-86.167,39.765,1898,0,0.0,0,0.0,0,0.0,1898,1.0,15,0,0.0,0,0.0,0,0.0,15,1.0
-86.167,39.7655,1749,0,0.0,0,0.0,0,0.0,1749,1.0,31,0,0.0,0,0.0,0,0.0,31,1.0
-86.167,39.766,7086,424,0.05983629692351115,24,0.003386960203217612,448,0.06322325712672876,6638,0.9367767428732713,59,16,0.2711864406779661,2,0.03389830508474576,18,0.3050847457627119,41,0.6949152542372882
-86.167,39.7665,1306,709,0.5428790199081164,35,0.02679938744257274,744,0.5696784073506891,562,0.43032159264931086,36,13,0.3611111111111111,1,0.027777777777777776,14,0.3888888888888889,22,0.6111111111111112
-86.167,39.767,2276,880,0.3866432337434095,564,0.2478031634446397,1444,0.6344463971880492,832,0.3655536028119508,45,22,0.4888888888888889,2,0.044444444444444446,24,0.5333333333333333,21,0.4666666666666667
-86.167,39.7675,1068,250,0.2340823970037453,56,0.052434456928838954,306,0.28651685393258425,762,0.7134831460674157,29,10,0.3448275862068966,3,0.10344827586206896,13,0.4482758620689655,16,0.5517241379310345
-86.167,39.768,626,222,0.3546325878594249,8,0.012779552715654952,230,0.36741214057507987,396,0.6325878594249201,13,5,0.38461538461538464,1,0.07692307692307693,6,0.46153846153846156,7,0.5384615384615384
-86.167,39.7685,2801,2507,0.8950374866119243,0,0.0,2507,0.8950374866119243,294,0.10496251338807569,22,12,0.5454545454545454,0,0.0,12,0.5454545454545454,10,0.45454545454545453
-86.167,39.769,488,320,0.6557377049180327,0,0.0,320,0.6557377049180327,168,0.3442622950819672,17,9,0.5294117647058824,0,0.0,9,0.5294117647058824,8,0.47058823529411764
-86.167,39.7695,778,517,0.6645244215938303,0,0.0,517,0.6645244215938303,261,0.33547557840616965,9,6,0.6666666666666666,0,0.0,6,0.6666666666666666,3,0.3333333333333333
-86.167,39.77,3457,748,0.21637257737923055,0,0.0,748,0.21637257737923055,2709,0.7836274226207695,34,13,0.38235294117647056,0,0.0,13,0.38235294117647056,21,0.6176470588235294
-86.167,39.7705,1515,805,0.5313531353135313,0,0.0,805,0.5313531353135313,710,0.46864686468646866,33,12,0.36363636363636365,0,0.0,12,0.36363636363636365,21,0.6363636363636364
-86.167,39.771,806,299,0.3709677419354839,23,0.028535980148883373,322,0.39950372208436724,484,0.6004962779156328,23,6,0.2608695652173913,1,0.043478260869565216,7,0.30434782608695654,16,0.6956521739130435
-86.167,39.7715,848,426,0.5023584905660378,0,0.0,426,0.5023584905660378,422,0.49764150943396224,27,7,0.25925925925925924,0,0.0,7,0.25925925925925924,20,0.7407407407407407
-86.167,39.772,537,0,0.0,116,0.21601489757914338,116,0.21601489757914338,421,0.7839851024208566,8,0,0.0,1,0.125,1,0.125,7,0.875
-86.167,39.7725,230,0,0.0,68,0.2956521739130435,68,0.2956521739130435,162,0.7043478260869566,3,0,0.0,1,0.3333333333333333,1,0.3333333333333333,2,0.6666666666666666
-86.167,39.773,313,0,0.0,305,0.9744408945686901,305,0.9744408945686901,8,0.025559105431309903,2,0,0.0,1,0.5,1,0.5,1,0.5
-86.167,39.774,2546,0,0.0,1585,0.6225451688923802,1585,0.6225451688923802,961,0.3774548311076198,11,0,0.0,6,0.5454545454545454,6,0.5454545454545454,5,0.45454545454545453
-86.167,39.7755,38,0,0.0,0,0.0,0,0.0,38,1.0,1,0,0.0,0,0.0,0,0.0,1,1.0
-86.167,39.776,22,0,0.0,14,0.6363636363636364,14,0.6363636363636364,8,0.36363636363636365,2,0,0.0,1,0.5,1,0.5,1,0.5
-86.167,39.7765,570,0,0.0,279,0.48947368421052634,279,0.48947368421052634,291,0.5105263157894737,19,0,0.0,11,0.5789473684210527,11,0.5789473684210527,8,0.42105263157894735
-86.167,39.777,1630,0,0.0,692,0.4245398773006135,692,0.4245398773006135,938,0.5754601226993865,54,0,0.0,23,0.42592592592592593,23,0.42592592592592593,31,0.5740740740740741
-86.167,39.7775,4841,0,0.0,1021,0.210906837430283,1021,0.210906837430283,3820,0.789093162569717,70,0,0.0,27,0.38571428571428573,27,0.38571428571428573,43,0.6142857142857143
-86.167,39.778,5861,0,0.0,1887,0.32195871011772736,1887,0.32195871011772736,3974,0.6780412898822726,50,0,0.0,20,0.4,20,0.4,30,0.6
-86.167,39.7785,58,0,0.0,38,0.6551724137931034,38,0.6551724137931034,20,0.3448275862068966,10,0,0.0,6,0.6,6,0.6,4,0.4
-86.167,39.7805,639,0,0.0,272,0.42566510172143973,272,0.42566510172143973,367,0.5743348982785602,22,0,0.0,11,0.5,11,0.5,11,0.5
-86.1665,39.7615,7489,260,0.03471758579249566,1384,0.1848043797569769,1644,0.21952196554947256,5845,0.7804780344505274,68,5,0.07352941176470588,15,0.22058823529411764,20,0.29411764705882354,48,0.7058823529411765
-86.1665,39.7625,2,0,0.0,2,1.0,2,1.0,0,0.0,1,0,0.0,1,1.0,1,1.0,0,0.0
-86.1665,39.763,2,0,0.0,2,1.0,2,1.0,0,0.0,1,0,0.0,1,1.0,1,1.0,0,0.0
-86.1665,39.7635,677,0,0.0,138,0.2038404726735598,138,0.2038404726735598,539,0.7961595273264401,29,0,0.0,9,0.3103448275862069,9,0.3103448275862069,20,0.6896551724137931
-86.1665,39.764,556,0,0.0,186,0.3345323741007194,186,0.3345323741007194,370,0.6654676258992805,25,0,0.0,7,0.28,7,0.28,18,0.72
-86.1665,39.7645,17,0,0.0,8,0.47058823529411764,8,0.47058823529411764,9,0.5294117647058824,3,0,0.0,1,0.3333333333333333,1,0.3333333333333333,2,0.6666666666666666
-86.1665,39.765,36,0,0.0,0,0.0,0,0.0,36,1.0,1,0,0.0,0,0.0,0,0.0,1,1.0
-86.1665,39.7655,851,0,0.0,31,0.036427732079905996,31,0.036427732079905996,820,0.963572267920094,15,0,0.0,1,0.06666666666666667,1,0.06666666666666667,14,0.9333333333333333
-86.1665,39.766,18,0,0.0,0,0.0,0,0.0,18,1.0,4,0,0.0,0,0.0,0,0.0,4,1.0
-86.1665,39.7665,175,81,0.46285714285714286,0,0.0,81,0.46285714285714286,94,0.5371428571428571,9,4,0.4444444444444444,0,0.0,4,0.4444444444444444,5,0.5555555555555556
-86.1665,39.767,5837,3880,0.6647250299811547,370,0.06338872708583176,4250,0.7281137570669864,1587,0.27188624293301356,131,59,0.45038167938931295,10,0.07633587786259542,69,0.5267175572519084,62,0.4732824427480916
-86.1665,39.7675,2161,1035,0.47894493290143453,197,0.09116149930587691,1232,0.5701064322073115,929,0.42989356779268856,96,37,0.3854166666666667,7,0.07291666666666667,44,0.4583333333333333,52,0.5416666666666666
-86.1665,39.768,2366,1322,0.558748943364328,202,0.08537616229923922,1524,0.6441251056635673,842,0.3558748943364328,77,42,0.5454545454545454,4,0.05194805194805195,46,0.5974025974025974,31,0.4025974025974026
-86.1665,39.7685,2152,1166,0.54182156133829,202,0.09386617100371747,1368,0.6356877323420074,784,0.3643122676579926,54,28,0.5185185185185185,4,0.07407407407407407,32,0.5925925925925926,22,0.4074074074074074
-86.1665,39.769,2569,1132,0.4406383806928766,235,0.09147528221097703,1367,0.5321136629038536,1202,0.46788633709614635,106,44,0.41509433962264153,11,0.10377358490566038,55,0.5188679245283019,51,0.4811320754716981
-86.1665,39.7695,4562,2472,0.5418676019289785,382,0.08373520385795703,2854,0.6256028057869356,1708,0.37439719421306444,83,37,0.4457831325301205,5,0.060240963855421686,42,0.5060240963855421,41,0.4939759036144578
-86.1665,39.77,4704,2697,0.5733418367346939,134,0.02848639455782313,2831,0.601828231292517,1873,0.398171768707483,99,43,0.43434343434343436,6,0.06060606060606061,49,0.494949494949495,50,0.5050505050505051
-86.1665,39.7705,1283,469,0.36554949337490256,0,0.0,469,0.36554949337490256,814,0.6344505066250974,50,20,0.4,0,0.0,20,0.4,30,0.6
-86.1665,39.771,3239,1771,0.5467736955850571,13,0.004013584439641865,1784,0.5507872800246989,1455,0.44921271997530104,37,15,0.40540540540540543,1,0.02702702702702703,16,0.43243243243243246,21,0.5675675675675675
-86.1665,39.7715,20550,6957,0.33854014598540144,546,0.026569343065693432,7503,0.36510948905109486,13047,0.6348905109489051,159,32,0.20125786163522014,19,0.11949685534591195,51,0.32075471698113206,108,0.6792452830188679
-86.1665,39.772,5125,83,0.016195121951219513,98,0.019121951219512195,181,0.03531707317073171,4944,0.9646829268292683,111,5,0.04504504504504504,5,0.04504504504504504,10,0.09009009009009009,101,0.9099099099099099
-86.1665,39.7725,4672,0,0.0,114,0.02440068493150685,114,0.02440068493150685,4558,0.9755993150684932,107,0,0.0,6,0.056074766355140186,6,0.056074766355140186,101,0.9439252336448598
-86.1665,39.773,8207,0,0.0,1426,0.1737541123431217,1426,0.1737541123431217,6781,0.8262458876568782,125,0,0.0,31,0.248,31,0.248,94,0.752
-86.1665,39.7735,4541,24,0.005285179475886369,1341,0.29530940321515087,1365,0.3005945826910372,3176,0.6994054173089628,67,1,0.014925373134328358,19,0.2835820895522388,20,0.29850746268656714,47,0.7014925373134329
-86.1665,39.774,14819,17,0.0011471759228018086,6672,0.45023280923139214,6689,0.451379985154194,8130,0.548620014845806,157,2,0.012738853503184714,67,0.4267515923566879,69,0.4394904458598726,88,0.5605095541401274
-86.1665,39.7745,9260,0,0.0,3129,0.3379049676025918,3129,0.3379049676025918,6131,0.6620950323974082,99,0,0.0,41,0.41414141414141414,41,0.41414141414141414,58,0.5858585858585859
-86.1665,39.775,11252,0,0.0,4418,0.39264130821187343,4418,0.39264130821187343,6834,0.6073586917881265,80,0,0.0,36,0.45,36,0.45,44,0.55
-86.1665,39.7755,4874,0,0.0,2695,0.5529339351661879,2695,0.5529339351661879,2179,0.44706606483381206,63,0,0.0,27,0.42857142857142855,27,0.42857142857142855,36,0.5714285714285714
-86.1665,39.776,3113,0,0.0,1291,0.41471249598458076,1291,0.41471249598458076,1822,0.5852875040154192,59,0,0.0,23,0.3898305084745763,23,0.3898305084745763,36,0.6101694915254238
-86.1665,39.7765,2173,0,0.0,767,0.3529682466635987,767,0.3529682466635987,1406,0.6470317533364013,59,0,0.0,23,0.3898305084745763,23,0.3898305084745763,36,0.6101694915254238
-86.1665,39.777,1100,0,0.0,397,0.3609090909090909,397,0.3609090909090909,703,0.639090909090909,34,0,0.0,12,0.35294117647058826,12,0.35294117647058826,22,0.6470588235294118
-86.1665,39.7775,12,0,0.0,12,1.0,12,1.0,0,0.0,2,0,0.0,2,1.0,2,1.0,0,0.0
-86.1665,39.778,1543,0,0.0,531,0.34413480233311733,531,0.34413480233311733,1012,0.6558651976668827,26,0,0.0,8,0.3076923076923077,8,0.3076923076923077,18,0.6923076923076923
-86.1665,39.7785,14,0,0.0,0,0.0,0,0.0,14,1.0,1,0,0.0,0,0.0,0,0.0,1,1.0
-86.1665,39.7805,545,0,0.0,218,0.4,218,0.4,327,0.6,31,0,0.0,9,0.2903225806451613,9,0.2903225806451613,22,0.7096774193548387
-86.166,39.7615,4507,109,0.024184601730641225,823,0.18260483692034613,932,0.20678943865098734,3575,0.7932105613490127,60,3,0.05,13,0.21666666666666667,16,0.26666666666666666,44,0.7333333333333333
-86.166,39.7625,27,0,0.0,4,0.14814814814814814,4,0.14814814814814814,23,0.8518518518518519,9,0,0.0,2,0.2222222222222222,2,0.2222222222222222,7,0.7777777777777778
-86.166,39.763,751,0,0.0,149,0.19840213049267644,149,0.19840213049267644,602,0.8015978695073236,31,0,0.0,7,0.22580645161290322,7,0.22580645161290322,24,0.7741935483870968
-86.166,39.7635,190,0,0.0,79,0.41578947368421054,79,0.41578947368421054,111,0.5842105263157895,20,0,0.0,7,0.35,7,0.35,13,0.65
-86.166,39.7655,759,0,0.0,44,0.057971014492753624,44,0.057971014492753624,715,0.9420289855072463,13,0,0.0,1,0.07692307692307693,1,0.07692307692307693,12,0.9230769230769231
-86.166,39.7665,2,2,1.0,0,0.0,2,1.0,0,0.0,1,1,1.0,0,0.0,1,1.0,0,0.0
-86.166,39.767,2446,1475,0.6030253475061325,248,0.10139002452984465,1723,0.7044153720359771,723,0.2955846279640229,56,27,0.48214285714285715,6,0.10714285714285714,33,0.5892857142857143,23,0.4107142857142857
-86.166,39.7695,12,12,1.0,0,0.0,12,1.0,0,0.0,1,1,1.0,0,0.0,1,1.0,0,0.0
-86.166,39.77,2529,1044,0.4128113879003559,0,0.0,1044,0.4128113879003559,1485,0.5871886120996441,119,45,0.37815126050420167,0,0.0,45,0.37815126050420167,74,0.6218487394957983
-86.166,39.771,520,370,0.7115384615384616,0,0.0,370,0.7115384615384616,150,0.28846153846153844,15,8,0.5333333333333333,0,0.0,8,0.5333333333333333,7,0.4666666666666667
-86.166,39.7715,339,200,0.5899705014749262,0,0.0,200,0.5899705014749262,139,0.41002949852507375,19,10,0.5263157894736842,0,0.0,10,0.5263157894736842,9,0.47368421052631576
-86.166,39.774,9857,0,0.0,5039,0.5112103073957593,5039,0.5112103073957593,4818,0.48878969260424066,103,0,0.0,43,0.4174757281553398,43,0.4174757281553398,60,0.5825242718446602
-86.166,39.7745,3,0,0.0,0,0.0,0,0.0,3,1.0,1,0,0.0,0,0.0,0,0.0,1,1.0
-86.166,39.775,270,0,0.0,270,1.0,270,1.0,0,0.0,5,0,0.0,5,1.0,5,1.0,0,0.0
-86.166,39.7755,78,0,0.0,78,1.0,78,1.0,0,0.0,2,0,0.0,2,1.0,2,1.0,0,0.0
-86.166,39.776,60,0,0.0,60,1.0,60,1.0,0,0.0,1,0,0.0,1,1.0,1,1.0,0,0.0
-86.166,39.7765,43,0,0.0,43,1.0,43,1.0,0,0.0,1,0,0.0,1,1.0,1,1.0,0,0.0
-86.166,39.777,25,0,0.0,25,1.0,25,1.0,0,0.0,1,0,0.0,1,1.0,1,1.0,0,0.0
-86.166,39.7775,36,0,0.0,36,1.0,36,1.0,0,0.0,1,0,0.0,1,1.0,1,1.0,0,0.0
-86.166,39.778,2472,0,0.0,964,0.38996763754045305,964,0.38996763754045305,1508,0.610032362459547,32,0,0.0,9,0.28125,9,0.28125,23,0.71875
-86.166,39.7805,536,0,0.0,40,0.07462686567164178,40,0.07462686567164178,496,0.9253731343283582,25,0,0.0,5,0.2,5,0.2,20,0.8
-86.1655,39.761,18012,7464,0.41439040639573615,579,0.03214523650899401,8043,0.44653564290473013,9969,0.5534643570952699,241,99,0.4107883817427386,17,0.07053941908713693,116,0.48132780082987553,125,0.5186721991701245
-86.1655,39.7615,8592,721,0.08391527001862198,1316,0.1531657355679702,2037,0.23708100558659218,6555,0.7629189944134078,206,27,0.13106796116504854,27,0.13106796116504854,54,0.2621359223300971,152,0.7378640776699029
-86.1655,39.762,743,1,0.0013458950201884253,205,0.2759084791386272,206,0.27725437415881565,537,0.7227456258411844,21,1,0.047619047619047616,6,0.2857142857142857,7,0.3333333333333333,14,0.6666666666666666
-86.1655,39.7625,761,0,0.0,200,0.2628120893561104,200,0.2628120893561104,561,0.7371879106438897,26,0,0.0,7,0.2692307692307692,7,0.2692307692307692,19,0.7307692307692307
-86.1655,39.763,62,0,0.0,8,0.12903225806451613,8,0.12903225806451613,54,0.8709677419354839,10,0,0.0,2,0.2,2,0.2,8,0.8
-86.1655,39.764,2,0,0.0,2,1.0,2,1.0,0,0.0,1,0,0.0,1,1.0,1,1.0,0,0.0
-86.1655,39.7645,2,0,0.0,2,1.0,2,1.0,0,0.0,1,0,0.0,1,1.0,1,1.0,0,0.0
-86.1655,39.7655,1055,0,0.0,55,0.052132701421800945,55,0.052132701421800945,1000,0.9478672985781991,30,0,0.0,1,0.03333333333333333,1,0.03333333333333333,29,0.9666666666666667
-86.1655,39.7665,1,0,0.0,0,0.0,0,0.0,1,1.0,1,0,0.0,0,0.0,0,0.0,1,1.0
-86.1655,39.767,16112,13512,0.8386295928500497,272,0.016881827209533268,13784,0.8555114200595829,2328,0.14448857994041708,87,41,0.47126436781609193,6,0.06896551724137931,47,0.5402298850574713,40,0.45977011494252873
-86.1655,39.769,10,10,1.0,0,0.0,10,1.0,0,0.0,1,1,1.0,0,0.0,1,1.0,0,0.0
-86.1655,39.7695,3,3,1.0,0,0.0,3,1.0,0,0.0,1,1,1.0,0,0.0,1,1.0,0,0.0
-86.1655,39.77,2016,101,0.05009920634920635,66,0.03273809523809524,167,0.0828373015873016,1849,0.9171626984126984,69,8,0.11594202898550725,6,0.08695652173913043,14,0.2028985507246377,55,0.7971014492753623
-86.1655,39.771,838,703,0.8389021479713604,0,0.0,703,0.8389021479713604,135,0.1610978520286396,17,9,0.5294117647058824,0,0.0,9,0.5294117647058824,8,0.47058823529411764
-86.1655,39.7715,147,89,0.6054421768707483,0,0.0,89,0.6054421768707483,58,0.3945578231292517,5,3,0.6,0,0.0,3,0.6,2,0.4
-86.1655,39.774,4211,0,0.0,2757,0.6547138446924721,2757,0.6547138446924721,1454,0.3452861553075279,75,0,0.0,32,0.4266666666666667,32,0.4266666666666667,43,0.5733333333333334
-86.1655,39.7745,712,0,0.0,629,0.8834269662921348,629,0.8834269662921348,83,0.11657303370786516,9,0,0.0,6,0.6666666666666666,6,0.6666666666666666,3,0.3333333333333333
-86.1655,39.775,3,0,0.0,3,1.0,3,1.0,0,0.0,1,0,0.0,1,1.0,1,1.0,0,0.0
-86.1655,39.778,1280,0,0.0,440,0.34375,440,0.34375,840,0.65625,29,0,0.0,9,0.3103448275862069,9,0.3103448275862069,20,0.6896551724137931
-86.1655,39.7805,545,0,0.0,58,0.10642201834862386,58,0.10642201834862386,487,0.8935779816513761,22,0,0.0,3,0.13636363636363635,3,0.13636363636363635,19,0.8636363636363636
-86.165,39.761,880,723,0.821590909090909,0,0.0,723,0.821590909090909,157,0.1784090909090909,25,13,0.52,0,0.0,13,0.52,12,0.48
-86.165,39.7615,8950,588,0.06569832402234636,287,0.03206703910614525,875,0.09776536312849161,8075,0.9022346368715084,85,19,0.2235294117647059,3,0.03529411764705882,22,0.25882352941176473,63,0.7411764705882353
-86.165,39.762,31,0,0.0,23,0.7419354838709677,23,0.7419354838709677,8,0.25806451612903225,3,0,0.0,2,0.6666666666666666,2,0.6666666666666666,1,0.3333333333333333
-86.165,39.765,2,0,0.0,2,1.0,2,1.0,0,0.0,1,0,0.0,1,1.0,1,1.0,0,0.0
-86.165,39.7655,693,0,0.0,49,0.0707070707070707,49,0.0707070707070707,644,0.9292929292929293,17,0,0.0,2,0.11764705882352941,2,0.11764705882352941,15,0.8823529411764706
-86.165,39.7665,1,0,0.0,0,0.0,0,0.0,1,1.0,1,0,0.0,0,0.0,0,0.0,1,1.0
-86.165,39.767,8790,3575,0.40671217292377704,2095,0.23833902161547213,5670,0.6450511945392492,3120,0.35494880546075086,83,26,0.3132530120481928,13,0.1566265060240964,39,0.46987951807228917,44,0.5301204819277109
-86.165,39.769,16,16,1.0,0,0.0,16,1.0,0,0.0,2,2,1.0,0,0.0,2,1.0,0,0.0
-86.165,39.77,1996,165,0.08266533066132264,204,0.10220440881763528,369,0.1848697394789579,1627,0.8151302605210421,99,7,0.0707070707070707,14,0.1414141414141414,21,0.21212121212121213,78,0.7878787878787878
-86.165,39.771,699,373,0.5336194563662375,0,0.0,373,0.5336194563662375,326,0.4663805436337625,40,15,0.375,0,0.0,15,0.375,25,0.625
-86.165,39.7715,75,34,0.4533333333333333,0,0.0,34,0.4533333333333333,41,0.5466666666666666,3,1,0.3333333333333333,0,0.0,1,0.3333333333333333,2,0.6666666666666666
-86.165,39.774,2383,0,0.0,1064,0.4464960134284515,1064,0.4464960134284515,1319,0.5535039865715484,45,0,0.0,24,0.5333333333333333,24,0.5333333333333333,21,0.4666666666666667
-86.165,39.7745,50,0,0.0,35,0.7,35,0.7,15,0.3,3,0,0.0,2,0.6666666666666666,2,0.6666666666666666,1,0.3333333333333333
-86.165,39.778,1243,0,0.0,445,0.3580048270313757,445,0.3580048270313757,798,0.6419951729686243,28,0,0.0,9,0.32142857142857145,9,0.32142857142857145,19,0.6785714285714286
-86.165,39.7805,445,0,0.0,60,0.1348314606741573,60,0.1348314606741573,385,0.8651685393258427,20,0,0.0,6,0.3,6,0.3,14,0.7
-86.1645,39.7615,2275,0,0.0,171,0.07516483516483516,171,0.07516483516483516,2104,0.9248351648351648,32,0,0.0,5,0.15625,5,0.15625,27,0.84375
-86.1645,39.7655,648,0,0.0,15,0.023148148148148147,15,0.023148148148148147,633,0.9768518518518519,13,0,0.0,1,0.07692307692307693,1,0.07692307692307693,12,0.9230769230769231
-86.1645,39.767,2553,575,0.22522522522522523,986,0.3862122992557775,1561,0.6114375244810027,992,0.38856247551899725,60,15,0.25,14,0.23333333333333334,29,0.48333333333333334,31,0.5166666666666667
-86.1645,39.7685,10,10,1.0,0,0.0,10,1.0,0,0.0,1,1,1.0,0,0.0,1,1.0,0,0.0
-86.1645,39.769,6,6,1.0,0,0.0,6,1.0,0,0.0,2,2,1.0,0,0.0,2,1.0,0,0.0
-86.1645,39.7695,6,6,1.0,0,0.0,6,1.0,0,0.0,2,2,1.0,0,0.0,2,1.0,0,0.0
-86.1645,39.77,3113,1188,0.38162544169611307,258,0.0828782524895599,1446,0.46450369418567294,1667,0.5354963058143271,62,9,0.14516129032258066,10,0.16129032258064516,19,0.3064516129032258,43,0.6935483870967742
-86.1645,39.771,712,2,0.0028089887640449437,0,0.0,2,0.0028089887640449437,710,0.9971910112359551,17,2,0.11764705882352941,0,0.0,2,0.11764705882352941,15,0.8823529411764706
-86.1645,39.7715,69,8,0.11594202898550725,0,0.0,8,0.11594202898550725,61,0.8840579710144928,4,1,0.25,0,0.0,1,0.25,3,0.75
-86.1645,39.7735,144,0,0.0,97,0.6736111111111112,97,0.6736111111111112,47,0.3263888888888889,10,0,0.0,5,0.5,5,0.5,5,0.5
-86.1645,39.774,8229,0,0.0,2806,0.34098918459108035,2806,0.34098918459108035,5423,0.6590108154089197,55,0,0.0,32,0.5818181818181818,32,0.5818181818181818,23,0.41818181818181815
-86.1645,39.778,1274,0,0.0,459,0.3602825745682888,459,0.3602825745682888,815,0.6397174254317112,27,0,0.0,9,0.3333333333333333,9,0.3333333333333333,18,0.6666666666666666
-86.1645,39.7805,280,0,0.0,94,0.3357142857142857,94,0.3357142857142857,186,0.6642857142857143,7,0,0.0,3,0.42857142857142855,3,0.42857142857142855,4,0.5714285714285714
-86.164,39.761,3,0,0.0,3,1.0,3,1.0,0,0.0,1,0,0.0,1,1.0,1,1.0,0,0.0
-86.164,39.7615,40746,68,0.0016688754724390124,27763,0.6813674961959456,27831,0.6830363716683846,12915,0.3169636283316154,273,3,0.01098901098901099,88,0.32234432234432236,91,0.3333333333333333,182,0.6666666666666666
-86.164,39.7655,917,0,0.0,0,0.0,0,0.0,917,1.0,15,0,0.0,0,0.0,0,0.0,15,1.0
-86.164,39.767,1807,337,0.18649695628112894,475,0.2628666297731046,812,0.44936358605423354,995,0.5506364139457665,74,14,0.1891891891891892,22,0.2972972972972973,36,0.4864864864864865,38,0.5135135135135135
-86.164,39.7685,12,12,1.0,0,0.0,12,1.0,0,0.0,1,1,1.0,0,0.0,1,1.0,0,0.0
-86.164,39.7695,2307,2277,0.9869960988296489,0,0.0,2277,0.9869960988296489,30,0.013003901170351105,8,6,0.75,0,0.0,6,0.75,2,0.25
-86.164,39.77,3663,1299,0.3546273546273546,263,0.0717990717990718,1562,0.4264264264264264,2101,0.5735735735735735,86,21,0.2441860465116279,13,0.1511627906976744,34,0.3953488372093023,52,0.6046511627906976
-86.164,39.771,1020,0,0.0,0,0.0,0,0.0,1020,1.0,12,0,0.0,0,0.0,0,0.0,12,1.0
-86.164,39.7715,70,0,0.0,0,0.0,0,0.0,70,1.0,2,0,0.0,0,0.0,0,0.0,2,1.0
-86.164,39.773,36,0,0.0,0,0.0,0,0.0,36,1.0,2,0,0.0,0,0.0,0,0.0,2,1.0
-86.164,39.7735,70,0,0.0,2,0.02857142857142857,2,0.02857142857142857,68,0.9714285714285714,4,0,0.0,1,0.25,1,0.25,3,0.75
-86.164,39.774,5881,0,0.0,2482,0.42203706852576095,2482,0.42203706852576095,3399,0.577962931474239,47,0,0.0,26,0.5531914893617021,26,0.5531914893617021,21,0.44680851063829785
-86.164,39.778,1547,0,0.0,554,0.3581124757595346,554,0.3581124757595346,993,0.6418875242404655,27,0,0.0,9,0.3333333333333333,9,0.3333333333333333,18,0.6666666666666666
-86.164,39.7805,219,0,0.0,84,0.3835616438356164,84,0.3835616438356164,135,0.6164383561643836,4,0,0.0,2,0.5,2,0.5,2,0.5
-86.1635,39.7615,1831,60,0.03276897870016385,85,0.04642271982523211,145,0.07919169852539595,1686,0.920808301474604,67,2,0.029850746268656716,4,0.05970149253731343,6,0.08955223880597014,61,0.9104477611940298
-86.1635,39.7655,1082,0,0.0,0,0.0,0,0.0,1082,1.0,31,0,0.0,0,0.0,0,0.0,31,1.0
-86.1635,39.7665,276,0,0.0,0,0.0,0,0.0,276,1.0,3,0,0.0,0,0.0,0,0.0,3,1.0
-86.1635,39.767,2567,192,0.07479548110634983,522,0.20335021425788857,714,0.2781456953642384,1853,0.7218543046357616,85,9,0.10588235294117647,26,0.3058823529411765,35,0.4117647058823529,50,0.5882352941176471
-86.1635,39.768,10,10,1.0,0,0.0,10,1.0,0,0.0,1,1,1.0,0,0.0,1,1.0,0,0.0
-86.1635,39.7685,2,2,1.0,0,0.0,2,1.0,0,0.0,1,1,1.0,0,0.0,1,1.0,0,0.0
-86.1635,39.7695,4394,4158,0.946290395994538,31,0.007055075102412381,4189,0.9533454710969504,205,0.046654528903049615,34,17,0.5,1,0.029411764705882353,18,0.5294117647058824,16,0.47058823529411764
-86.1635,39.77,13403,10203,0.7612474819070357,276,0.020592404685518168,10479,0.7818398865925539,2924,0.2181601134074461,169,63,0.3727810650887574,11,0.0650887573964497,74,0.4378698224852071,95,0.5621301775147929
-86.1635,39.771,5808,0,0.0,2062,0.3550275482093664,2062,0.3550275482093664,3746,0.6449724517906336,25,0,0.0,6,0.24,6,0.24,19,0.76
-86.1635,39.7715,196,0,0.0,0,0.0,0,0.0,196,1.0,1,0,0.0,0,0.0,0,0.0,1,1.0
-86.1635,39.7725,30,0,0.0,0,0.0,0,0.0,30,1.0,2,0,0.0,0,0.0,0,0.0,2,1.0
-86.1635,39.773,305,0,0.0,0,0.0,0,0.0,305,1.0,2,0,0.0,0,0.0,0,0.0,2,1.0
-86.1635,39.774,3706,0,0.0,2483,0.6699946033459255,2483,0.6699946033459255,1223,0.33000539665407447,46,0,0.0,23,0.5,23,0.5,23,0.5
-86.1635,39.7755,784,0,0.0,0,0.0,0,0.0,784,1.0,1,0,0.0,0,0.0,0,0.0,1,1.0
-86.1635,39.778,10214,0,0.0,5751,0.5630507147053064,5751,0.5630507147053064,4463,0.43694928529469357,40,0,0.0,18,0.45,18,0.45,22,0.55
-86.1635,39.7785,9,0,0.0,9,1.0,9,1.0,0,0.0,1,0,0.0,1,1.0,1,1.0,0,0.0
-86.1635,39.7805,118,0,0.0,5,0.0423728813559322,5,0.0423728813559322,113,0.9576271186440678,3,0,0.0,1,0.3333333333333333,1,0.3333333333333333,2,0.6666666666666666
-86.163,39.761,136,0,0.0,0,0.0,0,0.0,136,1.0,8,0,0.0,0,0.0,0,0.0,8,1.0
-86.163,39.7615,5324,59,0.011081893313298272,0,0.0,59,0.011081893313298272,5265,0.9889181066867018,60,2,0.03333333333333333,0,0.0,2,0.03333333333333333,58,0.9666666666666667
-86.163,39.762,3,0,0.0,3,1.0,3,1.0,0,0.0,1,0,0.0,1,1.0,1,1.0,0,0.0
-86.163,39.7655,1236,0,0.0,53,0.04288025889967637,53,0.04288025889967637,1183,0.9571197411003236,18,0,0.0,2,0.1111111111111111,2,0.1111111111111111,16,0.8888888888888888
-86.163,39.766,266,0,0.0,0,0.0,0,0.0,266,1.0,1,0,0.0,0,0.0,0,0.0,1,1.0
-86.163,39.767,4742,246,0.0518768452129903,725,0.15288907633909743,971,0.20476592155208773,3771,0.7952340784479123,107,5,0.04672897196261682,22,0.205607476635514,27,0.2523364485981308,80,0.7476635514018691
-86.163,39.7675,278,0,0.0,263,0.9460431654676259,263,0.9460431654676259,15,0.0539568345323741,4,0,0.0,2,0.5,2,0.5,2,0.5
-86.163,39.768,457,13,0.028446389496717725,172,0.37636761487964987,185,0.4048140043763676,272,0.5951859956236324,3,1,0.3333333333333333,1,0.3333333333333333,2,0.6666666666666666,1,0.3333333333333333
-86.163,39.7685,439,0,0.0,0,0.0,0,0.0,439,1.0,2,0,0.0,0,0.0,0,0.0,2,1.0
-86.163,39.769,418,0,0.0,0,0.0,0,0.0,418,1.0,2,0,0.0,0,0.0,0,0.0,2,1.0
-86.163,39.7695,4388,1509,0.34389243391066543,18,0.004102096627164996,1527,0.3479945305378304,2861,0.6520054694621695,91,23,0.25274725274725274,4,0.04395604395604396,27,0.2967032967032967,64,0.7032967032967034
-86.163,39.77,21947,16465,0.750216430491639,2114,0.09632295985783934,18579,0.8465393903494783,3368,0.15346060965052172,177,57,0.3220338983050847,14,0.07909604519774012,71,0.4011299435028249,106,0.5988700564971752
-86.163,39.7705,5423,2309,0.4257790890650931,1008,0.18587497695002766,3317,0.6116540660151207,2106,0.3883459339848792,78,26,0.3333333333333333,6,0.07692307692307693,32,0.41025641025641024,46,0.5897435897435898
-86.163,39.771,13299,852,0.06406496729077374,3790,0.28498383337093014,4642,0.34904880066170385,8657,0.6509511993382961,93,12,0.12903225806451613,12,0.12903225806451613,24,0.25806451612903225,69,0.7419354838709677
-86.163,39.7715,28104,4614,0.16417591801878736,93,0.003309137489325363,4707,0.16748505550811274,23397,0.8325149444918872,95,15,0.15789473684210525,4,0.042105263157894736,19,0.2,76,0.8
-86.163,39.772,6331,749,0.11830674459011215,34,0.005370399620912968,783,0.12367714421102512,5548,0.8763228557889748,140,21,0.15,1,0.007142857142857143,22,0.15714285714285714,118,0.8428571428571429
-86.163,39.7725,24172,7907,0.3271140162171107,132,0.005460863809366208,8039,0.33257488002647695,16133,0.667425119973523,122,40,0.32786885245901637,7,0.05737704918032787,47,0.38524590163934425,75,0.6147540983606558
-86.163,39.773,6196,1712,0.276307295029051,1,0.00016139444803098772,1713,0.276468689477082,4483,0.723531310522918,22,9,0.4090909090909091,1,0.045454545454545456,10,0.45454545454545453,12,0.5454545454545454
-86.163,39.7735,2059,104,0.0505099562894609,0,0.0,104,0.0505099562894609,1955,0.9494900437105391,20,5,0.25,0,0.0,5,0.25,15,0.75
-86.163,39.774,8608,0,0.0,2783,0.3233039033457249,2783,0.3233039033457249,5825,0.6766960966542751,143,0,0.0,52,0.36363636363636365,52,0.36363636363636365,91,0.6363636363636364
-86.163,39.7745,3939,0,0.0,1594,0.40467123635440466,1594,0.40467123635440466,2345,0.5953287636455953,96,0,0.0,35,0.3645833333333333,35,0.3645833333333333,61,0.6354166666666666
-86.163,39.775,5322,0,0.0,1286,0.24163848177376926,1286,0.24163848177376926,4036,0.7583615182262308,77,0,0.0,30,0.38961038961038963,30,0.38961038961038963,47,0.6103896103896104
-86.163,39.7755,12533,0,0.0,5504,0.4391606159738291,5504,0.4391606159738291,7029,0.560839384026171,101,0,0.0,44,0.43564356435643564,44,0.43564356435643564,57,0.5643564356435643
-86.163,39.776,3362,0,0.0,1276,0.37953599048185604,1276,0.37953599048185604,2086,0.620464009518144,56,0,0.0,23,0.4107142857142857,23,0.4107142857142857,33,0.5892857142857143
-86.163,39.7765,2811,0,0.0,1194,0.4247598719316969,1194,0.4247598719316969,1617,0.575240128068303,60,0,0.0,27,0.45,27,0.45,33,0.55
-86.163,39.777,3197,0,0.0,1078,0.3371911166718799,1078,0.3371911166718799,2119,0.6628088833281202,67,0,0.0,28,0.417910447761194,28,0.417910447761194,39,0.582089552238806
-86.163,39.7775,5508,0,0.0,2388,0.4335511982570806,2388,0.4335511982570806,3120,0.5664488017429193,71,0,0.0,26,0.36619718309859156,26,0.36619718309859156,45,0.6338028169014085
-86.163,39.778,22652,0,0.0,11723,0.5175260462652305,11723,0.5175260462652305,10929,0.48247395373476953,91,0,0.0,43,0.4725274725274725,43,0.4725274725274725,48,0.5274725274725275
-86.163,39.7785,709,0,0.0,279,0.3935119887165021,279,0.3935119887165021,430,0.6064880112834978,18,0,0.0,8,0.4444444444444444,8,0.4444444444444444,10,0.5555555555555556
-86.163,39.779,608,0,0.0,154,0.2532894736842105,154,0.2532894736842105,454,0.7467105263157895,34,0,0.0,12,0.35294117647058826,12,0.35294117647058826,22,0.6470588235294118
-86.163,39.7795,593,0,0.0,126,0.21247892074198987,126,0.21247892074198987,467,0.7875210792580101,29,0,0.0,7,0.2413793103448276,7,0.2413793103448276,22,0.7586206896551724
-86.163,39.78,528,0,0.0,96,0.18181818181818182,96,0.18181818181818182,432,0.8181818181818182,13,0,0.0,3,0.23076923076923078,3,0.23076923076923078,10,0.7692307692307693
-86.163,39.7805,709,0,0.0,72,0.10155148095909731,72,0.10155148095909731,637,0.8984485190409027,8,0,0.0,1,0.125,1,0.125,7,0.875
-86.163,39.781,1,0,0.0,0,0.0,0,0.0,1,1.0,1,0,0.0,0,0.0,0,0.0,1,1.0
-86.1625,39.761,552,13,0.02355072463768116,0,0.0,13,0.02355072463768116,539,0.9764492753623188,23,1,0.043478260869565216,0,0.0,1,0.043478260869565216,22,0.9565217391304348
-86.1625,39.7615,1466,77,0.05252387448840382,0,0.0,77,0.05252387448840382,1389,0.9474761255115962,45,5,0.1111111111111111,0,0.0,5,0.1111111111111111,40,0.8888888888888888
-86.1625,39.7625,2,0,0.0,2,1.0,2,1.0,0,0.0,1,0,0.0,1,1.0,1,1.0,0,0.0
-86.1625,39.7655,1135,0,0.0,102,0.08986784140969163,102,0.08986784140969163,1033,0.9101321585903084,16,0,0.0,4,0.25,4,0.25,12,0.75
-86.1625,39.766,106,0,0.0,0,0.0,0,0.0,106,1.0,1,0,0.0,0,0.0,0,0.0,1,1.0
-86.1625,39.7665,33,0,0.0,0,0.0,0,0.0,33,1.0,2,0,0.0,0,0.0,0,0.0,2,1.0
-86.1625,39.767,3640,211,0.05796703296703297,469,0.12884615384615383,680,0.18681318681318682,2960,0.8131868131868132,117,13,0.1111111111111111,21,0.1794871794871795,34,0.2905982905982906,83,0.7094017094017094
-86.1625,39.7675,310,0,0.0,300,0.967741935483871,300,0.967741935483871,10,0.03225806451612903,3,0,0.0,1,0.3333333333333333,1,0.3333333333333333,2,0.6666666666666666
-86.1625,39.768,2,1,0.5,0,0.0,1,0.5,1,0.5,2,1,0.5,0,0.0,1,0.5,1,0.5
-86.1625,39.7695,3519,545,0.1548735436203467,66,0.01875532821824382,611,0.17362887183859052,2908,0.8263711281614095,120,31,0.25833333333333336,6,0.05,37,0.30833333333333335,83,0.6916666666666667
-86.1625,39.77,2956,555,0.18775372124492556,1033,0.34945872801082545,1588,0.5372124492557511,1368,0.462787550744249,127,41,0.3228346456692913,11,0.08661417322834646,52,0.4094488188976378,75,0.5905511811023622
-86.1625,39.771,4099,0,0.0,1006,0.24542571358868018,1006,0.24542571358868018,3093,0.7545742864113199,37,0,0.0,7,0.1891891891891892,7,0.1891891891891892,30,0.8108108108108109
-86.1625,39.7715,3,0,0.0,2,0.6666666666666666,2,0.6666666666666666,1,0.3333333333333333,2,0,0.0,1,0.5,1,0.5,1,0.5
-86.1625,39.7725,7358,1009,0.13712965479749933,409,0.05558575699918456,1418,0.1927154117966839,5940,0.8072845882033162,30,6,0.2,7,0.23333333333333334,13,0.43333333333333335,17,0.5666666666666667
-86.1625,39.773,1,0,0.0,0,0.0,0,0.0,1,1.0,1,0,0.0,0,0.0,0,0.0,1,1.0
-86.1625,39.7735,6,0,0.0,0,0.0,0,0.0,6,1.0,1,0,0.0,0,0.0,0,0.0,1,1.0
-86.1625,39.774,901,0,0.0,400,0.4439511653718091,400,0.4439511653718091,501,0.5560488346281909,43,0,0.0,15,0.3488372093023256,15,0.3488372093023256,28,0.6511627906976745
-86.1625,39.7755,665,0,0.0,214,0.3218045112781955,214,0.3218045112781955,451,0.6781954887218045,18,0,0.0,5,0.2777777777777778,5,0.2777777777777778,13,0.7222222222222222
-86.1625,39.7765,4,0,0.0,0,0.0,0,0.0,4,1.0,1,0,0.0,0,0.0,0,0.0,1,1.0
-86.1625,39.778,5764,0,0.0,2471,0.42869535045107565,2471,0.42869535045107565,3293,0.5713046495489243,51,0,0.0,26,0.5098039215686274,26,0.5098039215686274,25,0.49019607843137253
-86.1625,39.78,20,0,0.0,6,0.3,6,0.3,14,0.7,4,0,0.0,1,0.25,1,0.25,3,0.75
-86.1625,39.7805,261,0,0.0,0,0.0,0,0.0,261,1.0,6,0,0.0,0,0.0,0,0.0,6,1.0
-86.162,39.761,5571,14,0.0025130138215760187,0,0.0,14,0.0025130138215760187,5557,0.997486986178424,52,2,0.038461538461538464,0,0.0,2,0.038461538461538464,50,0.9615384615384616
-86.162,39.7615,3779,957,0.2532415983064303,0,0.0,957,0.2532415983064303,2822,0.7467584016935698,62,18,0.2903225806451613,0,0.0,18,0.2903225806451613,44,0.7096774193548387
-86.162,39.762,98,14,0.14285714285714285,0,0.0,14,0.14285714285714285,84,0.8571428571428571,7,1,0.14285714285714285,0,0.0,1,0.14285714285714285,6,0.8571428571428571
-86.162,39.7625,1,0,0.0,1,1.0,1,1.0,0,0.0,1,0,0.0,1,1.0,1,1.0,0,0.0
-86.162,39.763,1,0,0.0,1,1.0,1,1.0,0,0.0,1,0,0.0,1,1.0,1,1.0,0,0.0
-86.162,39.7655,1837,0,0.0,82,0.04463799673380512,82,0.04463799673380512,1755,0.9553620032661949,15,0,0.0,2,0.13333333333333333,2,0.13333333333333333,13,0.8666666666666667
-86.162,39.7665,20,0,0.0,0,0.0,0,0.0,20,1.0,1,0,0.0,0,0.0,0,0.0,1,1.0
-86.162,39.767,7065,970,0.1372965322009908,678,0.09596602972399151,1648,0.23326256192498232,5417,0.7667374380750177,84,21,0.25,17,0.20238095238095238,38,0.4523809523809524,46,0.5476190476190477
-86.162,39.7675,345,172,0.4985507246376812,148,0.4289855072463768,320,0.927536231884058,25,0.07246376811594203,5,1,0.2,2,0.4,3,0.6,2,0.4
-86.162,39.768,374,0,0.0,344,0.9197860962566845,344,0.9197860962566845,30,0.08021390374331551,3,0,0.0,2,0.6666666666666666,2,0.6666666666666666,1,0.3333333333333333
-86.162,39.7695,4283,993,0.23184683632967545,452,0.10553350455288349,1445,0.33738034088255897,2838,0.662619659117441,109,19,0.1743119266055046,14,0.12844036697247707,33,0.30275229357798167,76,0.6972477064220184
-86.162,39.77,4496,1267,0.28180604982206403,1895,0.42148576512455516,3162,0.7032918149466192,1334,0.29670818505338076,81,21,0.25925925925925924,14,0.1728395061728395,35,0.43209876543209874,46,0.5679012345679012
-86.162,39.771,7072,0,0.0,1599,0.2261029411764706,1599,0.2261029411764706,5473,0.7738970588235294,159,0,0.0,42,0.2641509433962264,42,0.2641509433962264,117,0.7358490566037735
-86.162,39.7725,1429,73,0.05108467459762071,260,0.1819454163750875,333,0.23303009097270821,1096,0.7669699090272918,23,2,0.08695652173913043,6,0.2608695652173913,8,0.34782608695652173,15,0.6521739130434783
-86.162,39.773,6,0,0.0,0,0.0,0,0.0,6,1.0,1,0,0.0,0,0.0,0,0.0,1,1.0
-86.162,39.774,905,0,0.0,389,0.4298342541436464,389,0.4298342541436464,516,0.5701657458563536,42,0,0.0,15,0.35714285714285715,15,0.35714285714285715,27,0.6428571428571429
-86.162,39.7755,528,0,0.0,245,0.4640151515151515,245,0.4640151515151515,283,0.5359848484848485,16,0,0.0,8,0.5,8,0.5,8,0.5
-86.162,39.778,2267,0,0.0,978,0.43140714600794,978,0.43140714600794,1289,0.5685928539920599,38,0,0.0,22,0.5789473684210527,22,0.5789473684210527,16,0.42105263157894735
-86.162,39.7785,4,0,0.0,4,1.0,4,1.0,0,0.0,1,0,0.0,1,1.0,1,1.0,0,0.0
-86.162,39.7805,34,0,0.0,0,0.0,0,0.0,34,1.0,1,0,0.0,0,0.0,0,0.0,1,1.0
-86.1615,39.761,9054,4311,0.4761431411530815,0,0.0,4311,0.4761431411530815,4743,0.5238568588469185,182,77,0.4230769230769231,0,0.0,77,0.4230769230769231,105,0.5769230769230769
-86.1615,39.7615,25733,14088,0.5474682314537753,216,0.00839389111257918,14304,0.5558621225663545,11429,0.4441378774336455,253,110,0.43478260869565216,2,0.007905138339920948,112,0.4426877470355731,141,0.5573122529644269
-86.1615,39.762,3442,877,0.2547937245787333,53,0.015398024404416037,930,0.2701917489831493,2512,0.7298082510168507,92,27,0.29347826086956524,1,0.010869565217391304,28,0.30434782608695654,64,0.6956521739130435
-86.1615,39.7625,1678,1039,0.6191895113230036,1,0.0005959475566150178,1040,0.6197854588796187,638,0.3802145411203814,45,25,0.5555555555555556,1,0.022222222222222223,26,0.5777777777777777,19,0.4222222222222222
-86.1615,39.763,1703,1025,0.6018790369935408,2,0.0011743981209630064,1027,0.6030534351145038,676,0.3969465648854962,92,46,0.5,1,0.010869565217391304,47,0.5108695652173914,45,0.4891304347826087
-86.1615,39.7635,2082,1493,0.7170989433237271,0,0.0,1493,0.7170989433237271,589,0.2829010566762728,28,15,0.5357142857142857,0,0.0,15,0.5357142857142857,13,0.4642857142857143
-86.1615,39.764,6583,4159,0.6317788242442656,32,0.004861005620537749,4191,0.6366398298648033,2392,0.3633601701351967,60,28,0.4666666666666667,1,0.016666666666666666,29,0.48333333333333334,31,0.5166666666666667
-86.1615,39.7645,3069,1352,0.44053437601824696,55,0.017921146953405017,1407,0.458455522971652,1662,0.541544477028348,61,24,0.39344262295081966,2,0.03278688524590164,26,0.4262295081967213,35,0.5737704918032787
-86.1615,39.765,2432,472,0.19407894736842105,56,0.023026315789473683,528,0.21710526315789472,1904,0.7828947368421053,79,13,0.16455696202531644,1,0.012658227848101266,14,0.17721518987341772,65,0.8227848101265823
-86.1615,39.7655,16405,649,0.03956110941786041,5041,0.3072843645230113,5690,0.3468454739408717,10715,0.6531545260591283,138,8,0.057971014492753624,21,0.15217391304347827,29,0.21014492753623187,109,0.7898550724637681
-86.1615,39.766,6972,28,0.004016064257028112,2075,0.2976190476190476,2103,0.3016351118760757,4869,0.6983648881239243,110,1,0.00909090909090909,38,0.34545454545454546,39,0.35454545454545455,71,0.6454545454545455
-86.1615,39.7665,5554,1139,0.20507742167806986,598,0.10767014764133957,1737,0.31274756931940945,3817,0.6872524306805906,244,47,0.19262295081967212,33,0.13524590163934427,80,0.32786885245901637,164,0.6721311475409836
-86.1615,39.767,26200,10331,0.39431297709923663,1715,0.06545801526717557,12046,0.45977099236641217,14154,0.5402290076335878,318,86,0.27044025157232704,38,0.11949685534591195,124,0.389937106918239,194,0.610062893081761
-86.1615,39.7675,9856,2970,0.3013392857142857,763,0.07741477272727272,3733,0.3787540584415584,6123,0.6212459415584416,103,29,0.2815533980582524,15,0.14563106796116504,44,0.42718446601941745,59,0.5728155339805825
-86.1615,39.768,42764,14663,0.3428818632494622,12725,0.2975633710597699,27388,0.6404452343092321,15376,0.35955476569076794,268,64,0.23880597014925373,45,0.16791044776119404,109,0.40671641791044777,159,0.5932835820895522
-86.1615,39.7685,10774,4690,0.43530722108780395,843,0.07824392054947095,5533,0.5135511416372749,5241,0.48644885836272506,118,49,0.4152542372881356,12,0.1016949152542373,61,0.5169491525423728,57,0.4830508474576271
-86.1615,39.769,9118,4492,0.4926518973459092,286,0.03136652774731301,4778,0.5240184250932222,4340,0.4759815749067778,204,80,0.39215686274509803,15,0.07352941176470588,95,0.46568627450980393,109,0.5343137254901961
-86.1615,39.7695,25103,15353,0.6116002071465562,904,0.03601163207584751,16257,0.6476118392224037,8846,0.3523881607775963,266,90,0.3383458646616541,37,0.13909774436090225,127,0.4774436090225564,139,0.5225563909774437
-86.1615,39.77,14489,5499,0.37952929808820485,5176,0.3572365242597833,10675,0.7367658223479882,3814,0.26323417765201185,172,46,0.26744186046511625,41,0.23837209302325582,87,0.5058139534883721,85,0.4941860465116279
-86.1615,39.7705,9224,4153,0.45023850823937556,2459,0.26658716392020815,6612,0.7168256721595837,2612,0.2831743278404163,180,32,0.17777777777777778,43,0.2388888888888889,75,0.4166666666666667,105,0.5833333333333334
-86.1615,39.771,37523,302,0.008048396983183647,11713,0.31215521147029823,12015,0.3202036084534819,25508,0.6797963915465182,321,1,0.003115264797507788,123,0.38317757009345793,124,0.3862928348909657,197,0.6137071651090342
-86.1615,39.7715,28373,0,0.0,15805,0.557043668276178,15805,0.557043668276178,12568,0.44295633172382193,225,0,0.0,104,0.4622222222222222,104,0.4622222222222222,121,0.5377777777777778
-86.1615,39.772,24546,0,0.0,13230,0.5389880224883892,13230,0.5389880224883892,11316,0.4610119775116108,282,0,0.0,113,0.40070921985815605,113,0.40070921985815605,169,0.599290780141844
-86.1615,39.7725,66812,17281,0.25865114051368016,35768,0.5353529306112674,53049,0.7940040711249476,13763,0.2059959288750524,349,31,0.08882521489971347,104,0.2979942693409742,135,0.3868194842406877,214,0.6131805157593123
-86.1615,39.773,19349,0,0.0,5372,0.27763708718796837,5372,0.27763708718796837,13977,0.7223629128120316,70,0,0.0,25,0.35714285714285715,25,0.35714285714285715,45,0.6428571428571429
-86.1615,39.7735,29199,0,0.0,5304,0.18165005650878455,5304,0.18165005650878455,23895,0.8183499434912155,63,0,0.0,17,0.2698412698412698,17,0.2698412698412698,46,0.7301587301587301
-86.1615,39.774,1722,0,0.0,347,0.20150987224157957,347,0.20150987224157957,1375,0.7984901277584204,66,0,0.0,18,0.2727272727272727,18,0.2727272727272727,48,0.7272727272727273
-86.1615,39.7745,64,0,0.0,0,0.0,0,0.0,64,1.0,4,0,0.0,0,0.0,0,0.0,4,1.0
-86.1615,39.775,45,0,0.0,0,0.0,0,0.0,45,1.0,2,0,0.0,0,0.0,0,0.0,2,1.0
-86.1615,39.7755,1528,0,0.0,291,0.19044502617801048,291,0.19044502617801048,1237,0.8095549738219895,15,0,0.0,7,0.4666666666666667,7,0.4666666666666667,8,0.5333333333333333
-86.1615,39.778,7667,0,0.0,2924,0.38137472283813745,2924,0.38137472283813745,4743,0.6186252771618626,56,0,0.0,30,0.5357142857142857,30,0.5357142857142857,26,0.4642857142857143
-86.1615,39.7805,39,0,0.0,0,0.0,0,0.0,39,1.0,1,0,0.0,0,0.0,0,0.0,1,1.0
-86.161,39.761,2544,1046,0.4111635220125786,0,0.0,1046,0.4111635220125786,1498,0.5888364779874213,87,41,0.47126436781609193,0,0.0,41,0.47126436781609193,46,0.5287356321839081
-86.161,39.7615,10382,5685,0.5475823540743595,89,0.008572529377769216,5774,0.5561548834521287,4608,0.44384511654787134,523,264,0.5047801147227533,5,0.009560229445506692,269,0.51434034416826,254,0.48565965583174
-86.161,39.762,5,5,1.0,0,0.0,5,1.0,0,0.0,1,1,1.0,0,0.0,1,1.0,0,0.0
-86.161,39.7635,2,0,0.0,2,1.0,2,1.0,0,0.0,1,0,0.0,1,1.0,1,1.0,0,0.0
-86.161,39.764,1189,603,0.5071488645920942,0,0.0,603,0.5071488645920942,586,0.4928511354079058,35,13,0.37142857142857144,0,0.0,13,0.37142857142857144,22,0.6285714285714286
-86.161,39.7655,22512,17510,0.7778073916133618,1708,0.07587064676616916,19218,0.8536780383795309,3294,0.1463219616204691,149,20,0.1342281879194631,56,0.37583892617449666,76,0.5100671140939598,73,0.4899328859060403
-86.161,39.766,59,0,0.0,59,1.0,59,1.0,0,0.0,2,0,0.0,2,1.0,2,1.0,0,0.0
-86.161,39.7665,80,56,0.7,3,0.0375,59,0.7374999999999999,21,0.2625,4,1,0.25,1,0.25,2,0.5,2,0.5
-86.161,39.767,11474,8406,0.7326128638661321,185,0.0161234094474464,8591,0.7487362733135785,2883,0.2512637266864215,74,38,0.5135135135135135,3,0.04054054054054054,41,0.5540540540540541,33,0.44594594594594594
-86.161,39.768,19,19,1.0,0,0.0,19,1.0,0,0.0,1,1,1.0,0,0.0,1,1.0,0,0.0
-86.161,39.7685,605,567,0.9371900826446281,0,0.0,567,0.9371900826446281,38,0.0628099173553719,10,5,0.5,0,0.0,5,0.5,5,0.5
-86.161,39.769,223,218,0.9775784753363229,2,0.008968609865470852,220,0.9865470852017938,3,0.013452914798206279,5,3,0.6,1,0.2,4,0.8,1,0.2
-86.161,39.7695,19509,13932,0.7141319391050285,258,0.013224665538982008,14190,0.7273566046440105,5319,0.2726433953559895,270,123,0.45555555555555555,13,0.04814814814814815,136,0.5037037037037037,134,0.4962962962962963
-86.161,39.77,10043,3144,0.3130538683660261,2568,0.2557004879020213,5712,0.5687543562680475,4331,0.4312456437319526,124,36,0.2903225806451613,15,0.12096774193548387,51,0.4112903225806452,73,0.5887096774193549
-86.161,39.7705,1108,867,0.7824909747292419,0,0.0,867,0.7824909747292419,241,0.21750902527075813,8,4,0.5,0,0.0,4,0.5,4,0.5
-86.161,39.771,6053,191,0.03155460102428548,1586,0.2620188336362134,1777,0.2935734346604989,4276,0.7064265653395011,125,2,0.016,47,0.376,49,0.392,76,0.608
-86.161,39.7715,1628,0,0.0,763,0.46867321867321865,763,0.46867321867321865,865,0.5313267813267813,44,0,0.0,26,0.5909090909090909,26,0.5909090909090909,18,0.4090909090909091
-86.161,39.772,990,0,0.0,428,0.43232323232323233,428,0.43232323232323233,562,0.5676767676767677,50,0,0.0,23,0.46,23,0.46,27,0.54
-86.161,39.7725,26414,242,0.009161808132051185,16771,0.6349284470356629,17013,0.644090255167714,9401,0.35590974483228593,340,6,0.01764705882352941,136,0.4,142,0.4176470588235294,198,0.5823529411764706
-86.161,39.773,3814,0,0.0,1437,0.3767697954902989,1437,0.3767697954902989,2377,0.6232302045097011,41,0,0.0,24,0.5853658536585366,24,0.5853658536585366,17,0.4146341463414634
-86.161,39.7735,3463,0,0.0,1725,0.49812301472711523,1725,0.49812301472711523,1738,0.5018769852728848,51,0,0.0,25,0.49019607843137253,25,0.49019607843137253,26,0.5098039215686274
-86.161,39.774,24236,129,0.005322660505033834,16244,0.6702426142927876,16373,0.6755652747978215,7863,0.3244347252021786,134,1,0.007462686567164179,54,0.40298507462686567,55,0.41044776119402987,79,0.5895522388059702
-86.161,39.7745,2074,0,0.0,933,0.44985535197685633,933,0.44985535197685633,1141,0.5501446480231437,40,0,0.0,13,0.325,13,0.325,27,0.675
-86.161,39.775,1720,0,0.0,673,0.39127906976744187,673,0.39127906976744187,1047,0.6087209302325581,32,0,0.0,13,0.40625,13,0.40625,19,0.59375
-86.161,39.7755,8636,0,0.0,2909,0.336845761926818,2909,0.336845761926818,5727,0.6631542380731821,44,0,0.0,19,0.4318181818181818,19,0.4318181818181818,25,0.5681818181818182
-86.161,39.776,882,0,0.0,461,0.5226757369614512,461,0.5226757369614512,421,0.47732426303854875,21,0,0.0,11,0.5238095238095238,11,0.5238095238095238,10,0.47619047619047616
-86.161,39.7765,2639,0,0.0,2318,0.8783630162940508,2318,0.8783630162940508,321,0.12163698370594922,18,0,0.0,11,0.6111111111111112,11,0.6111111111111112,7,0.3888888888888889
-86.161,39.777,1927,0,0.0,1174,0.6092371562013492,1174,0.6092371562013492,753,0.3907628437986507,23,0,0.0,11,0.4782608695652174,11,0.4782608695652174,12,0.5217391304347826
-86.161,39.7775,970,0,0.0,470,0.4845360824742268,470,0.4845360824742268,500,0.5154639175257731,36,0,0.0,18,0.5,18,0.5,18,0.5
-86.161,39.778,13716,0,0.0,9354,0.6819772528433946,9354,0.6819772528433946,4362,0.31802274715660545,142,0,0.0,63,0.44366197183098594,63,0.44366197183098594,79,0.5563380281690141
-86.161,39.7785,427,0,0.0,312,0.7306791569086651,312,0.7306791569086651,115,0.2693208430913349,16,0,0.0,7,0.4375,7,0.4375,9,0.5625
-86.161,39.779,361,0,0.0,103,0.2853185595567867,103,0.2853185595567867,258,0.7146814404432132,12,0,0.0,4,0.3333333333333333,4,0.3333333333333333,8,0.6666666666666666
-86.161,39.7795,341,0,0.0,82,0.2404692082111437,82,0.2404692082111437,259,0.7595307917888563,9,0,0.0,3,0.3333333333333333,3,0.3333333333333333,6,0.6666666666666666
-86.161,39.78,311,0,0.0,81,0.2604501607717042,81,0.2604501607717042,230,0.7395498392282959,7,0,0.0,2,0.2857142857142857,2,0.2857142857142857,5,0.7142857142857143
-86.161,39.7805,441,0,0.0,105,0.23809523809523808,105,0.23809523809523808,336,0.7619047619047619,7,0,0.0,2,0.2857142857142857,2,0.2857142857142857,5,0.7142857142857143
-86.1605,39.761,2727,1725,0.6325632563256326,45,0.0165016501650165,1770,0.6490649064906491,957,0.3509350935093509,131,62,0.4732824427480916,2,0.015267175572519083,64,0.48854961832061067,67,0.5114503816793893
-86.1605,39.7615,6492,4592,0.707332101047443,282,0.04343807763401109,4874,0.7507701786814541,1618,0.2492298213185459,194,108,0.5567010309278351,3,0.015463917525773196,111,0.5721649484536082,83,0.42783505154639173
-86.1605,39.7625,24,24,1.0,0,0.0,24,1.0,0,0.0,1,1,1.0,0,0.0,1,1.0,0,0.0
-86.1605,39.7635,2,0,0.0,2,1.0,2,1.0,0,0.0,1,0,0.0,1,1.0,1,1.0,0,0.0
-86.1605,39.764,1104,641,0.5806159420289855,0,0.0,641,0.5806159420289855,463,0.41938405797101447,15,9,0.6,0,0.0,9,0.6,6,0.4
-86.1605,39.7655,4143,948,0.22881969587255613,1044,0.2519913106444605,1992,0.48081100651701664,2151,0.5191889934829833,72,19,0.2638888888888889,17,0.2361111111111111,36,0.5,36,0.5
-86.1605,39.7665,75,47,0.6266666666666667,0,0.0,47,0.6266666666666667,28,0.37333333333333335,2,1,0.5,0,0.0,1,0.5,1,0.5
-86.1605,39.767,5766,3023,0.5242802636142907,182,0.03156434269857787,3205,0.5558446063128686,2561,0.4441553936871315,86,44,0.5116279069767442,4,0.046511627906976744,48,0.5581395348837209,38,0.4418604651162791
-86.1605,39.7675,1,0,0.0,0,0.0,0,0.0,1,1.0,1,0,0.0,0,0.0,0,0.0,1,1.0
-86.1605,39.7685,964,607,0.6296680497925311,269,0.279045643153527,876,0.9087136929460581,88,0.0912863070539419,11,5,0.45454545454545453,1,0.09090909090909091,6,0.5454545454545454,5,0.45454545454545453
-86.1605,39.769,24,0,0.0,0,0.0,0,0.0,24,1.0,1,0,0.0,0,0.0,0,0.0,1,1.0
-86.1605,39.7695,6106,2284,0.37405830330822143,407,0.0666557484441533,2691,0.4407140517523747,3415,0.5592859482476253,105,29,0.2761904761904762,12,0.11428571428571428,41,0.3904761904761905,64,0.6095238095238096
-86.1605,39.77,14486,1109,0.0765566754107414,2804,0.19356620185006213,3913,0.27012287726080353,10573,0.7298771227391965,63,9,0.14285714285714285,14,0.2222222222222222,23,0.36507936507936506,40,0.6349206349206349
-86.1605,39.771,22409,63,0.0028113704315230487,15788,0.7045383551251729,15851,0.707349725556696,6558,0.29265027444330405,251,4,0.01593625498007968,85,0.3386454183266932,89,0.3545816733067729,162,0.6454183266932271
-86.1605,39.7715,4,0,0.0,4,1.0,4,1.0,0,0.0,1,0,0.0,1,1.0,1,1.0,0,0.0
-86.1605,39.772,2,0,0.0,2,1.0,2,1.0,0,0.0,1,0,0.0,1,1.0,1,1.0,0,0.0
-86.1605,39.7725,5908,80,0.013540961408259987,3044,0.5152335815842924,3124,0.5287745429925524,2784,0.4712254570074475,141,3,0.02127659574468085,66,0.46808510638297873,69,0.48936170212765956,72,0.5106382978723404
-86.1605,39.773,41,0,0.0,0,0.0,0,0.0,41,1.0,3,0,0.0,0,0.0,0,0.0,3,1.0
-86.1605,39.7735,10,0,0.0,3,0.3,3,0.3,7,0.7,2,0,0.0,1,0.5,1,0.5,1,0.5
-86.1605,39.774,2396,47,0.01961602671118531,1767,0.7374791318864775,1814,0.7570951585976629,582,0.24290484140233723,48,2,0.041666666666666664,30,0.625,32,0.6666666666666666,16,0.3333333333333333
-86.1605,39.7755,1460,0,0.0,605,0.4143835616438356,605,0.4143835616438356,855,0.5856164383561644,29,0,0.0,12,0.41379310344827586,12,0.41379310344827586,17,0.5862068965517241
-86.1605,39.7775,45,0,0.0,0,0.0,0,0.0,45,1.0,1,0,0.0,0,0.0,0,0.0,1,1.0
-86.1605,39.778,3131,0,0.0,1191,0.38038965186841267,1191,0.38038965186841267,1940,0.6196103481315873,70,0,0.0,35,0.5,35,0.5,35,0.5
-86.16,39.761,26780,13470,0.5029873039581777,991,0.03700522778192681,14461,0.5399925317401045,12319,0.46000746825989547,270,108,0.4,18,0.06666666666666667,126,0.4666666666666667,144,0.5333333333333333
-86.16,39.7615,9733,6728,0.6912565498818453,288,0.029590054453919656,7016,0.7208466043357649,2717,0.2791533956642351,153,94,0.6143790849673203,3,0.0196078431372549,97,0.6339869281045751,56,0.3660130718954248
-86.16,39.762,1596,379,0.237468671679198,0,0.0,379,0.237468671679198,1217,0.7625313283208021,65,13,0.2,0,0.0,13,0.2,52,0.8
-86.16,39.7625,6150,34,0.0055284552845528455,302,0.049105691056910566,336,0.054634146341463415,5814,0.9453658536585365,28,1,0.03571428571428571,2,0.07142857142857142,3,0.10714285714285714,25,0.8928571428571429
-86.16,39.763,2425,35,0.01443298969072165,40,0.016494845360824743,75,0.030927835051546393,2350,0.9690721649484536,23,1,0.043478260869565216,1,0.043478260869565216,2,0.08695652173913043,21,0.9130434782608695
-86.16,39.7635,1451,158,0.10889042039972432,45,0.031013094417643005,203,0.13990351481736732,1248,0.8600964851826327,74,13,0.17567567567567569,1,0.013513513513513514,14,0.1891891891891892,60,0.8108108108108109
-86.16,39.764,4985,3584,0.7189568706118356,45,0.009027081243731194,3629,0.7279839518555667,1356,0.2720160481444333,74,38,0.5135135135135135,2,0.02702702702702703,40,0.5405405405405406,34,0.4594594594594595
-86.16,39.7645,4120,2535,0.6152912621359223,8,0.001941747572815534,2543,0.6172330097087378,1577,0.38276699029126215,56,33,0.5892857142857143,1,0.017857142857142856,34,0.6071428571428571,22,0.39285714285714285
-86.16,39.765,743,592,0.7967698519515478,0,0.0,592,0.7967698519515478,151,0.2032301480484522,42,27,0.6428571428571429,0,0.0,27,0.6428571428571429,15,0.35714285714285715
-86.16,39.7655,23997,6478,0.2699504104679752,7719,0.3216652081510189,14197,0.591615618618994,9800,0.40838438138100597,168,57,0.3392857142857143,27,0.16071428571428573,84,0.5,84,0.5
-86.16,39.766,2426,2245,0.9253915910964551,0,0.0,2245,0.9253915910964551,181,0.07460840890354493,24,18,0.75,0,0.0,18,0.75,6,0.25
-86.16,39.7665,5655,4651,0.8224580017683466,0,0.0,4651,0.8224580017683466,1004,0.1775419982316534,55,32,0.5818181818181818,0,0.0,32,0.5818181818181818,23,0.41818181818181815
-86.16,39.767,12058,5045,0.4183944269364737,462,0.038314811743241,5507,0.4567092386797147,6551,0.5432907613202853,113,58,0.5132743362831859,5,0.04424778761061947,63,0.5575221238938053,50,0.4424778761061947
-86.16,39.7675,2441,1020,0.4178615321589513,0,0.0,1020,0.4178615321589513,1421,0.5821384678410487,21,12,0.5714285714285714,0,0.0,12,0.5714285714285714,9,0.42857142857142855
-86.16,39.768,2600,865,0.3326923076923077,0,0.0,865,0.3326923076923077,1735,0.6673076923076923,21,9,0.42857142857142855,0,0.0,9,0.42857142857142855,12,0.5714285714285714
-86.16,39.7685,2654,907,0.3417483044461191,367,0.13828183873398645,1274,0.4800301431801055,1380,0.5199698568198945,23,9,0.391304347826087,1,0.043478260869565216,10,0.43478260869565216,13,0.5652173913043478
-86.16,39.769,817,28,0.03427172582619339,0,0.0,28,0.03427172582619339,789,0.9657282741738066,8,1,0.125,0,0.0,1,0.125,7,0.875
-86.16,39.7695,15319,624,0.04073372935570207,1377,0.0898883739147464,2001,0.13062210327044846,13318,0.8693778967295516,144,23,0.1597222222222222,19,0.13194444444444445,42,0.2916666666666667,102,0.7083333333333334
-86.16,39.77,7693,2505,0.32562069413752764,512,0.06655401013908749,3017,0.39217470427661516,4676,0.607825295723385,41,9,0.21951219512195122,5,0.12195121951219512,14,0.34146341463414637,27,0.6585365853658537
-86.16,39.7705,278,102,0.3669064748201439,0,0.0,102,0.3669064748201439,176,0.6330935251798561,8,2,0.25,0,0.0,2,0.25,6,0.75
-86.16,39.771,9142,1982,0.2168015751476701,2748,0.3005906803762853,4730,0.5173922555239554,4412,0.48260774447604465,159,21,0.1320754716981132,26,0.16352201257861634,47,0.29559748427672955,112,0.7044025157232704
-86.16,39.7715,5,0,0.0,5,1.0,5,1.0,0,0.0,1,0,0.0,1,1.0,1,1.0,0,0.0
-86.16,39.7725,12397,139,0.011212390094377672,9865,0.7957570379930629,10004,0.8069694280874405,2393,0.19303057191255948,119,3,0.025210084033613446,65,0.5462184873949579,68,0.5714285714285714,51,0.42857142857142855
-86.16,39.773,30,0,0.0,0,0.0,0,0.0,30,1.0,3,0,0.0,0,0.0,0,0.0,3,1.0
-86.16,39.7735,4,0,0.0,0,0.0,0,0.0,4,1.0,1,0,0.0,0,0.0,0,0.0,1,1.0
-86.16,39.774,2107,102,0.04841006169909824,1348,0.6397721879449454,1450,0.6881822496440436,657,0.3118177503559563,54,8,0.14814814814814814,27,0.5,35,0.6481481481481481,19,0.35185185185185186
-86.16,39.7755,1584,32,0.020202020202020204,654,0.4128787878787879,686,0.4330808080808081,898,0.5669191919191919,39,2,0.05128205128205128,15,0.38461538461538464,17,0.4358974358974359,22,0.5641025641025641
-86.16,39.7775,49,0,0.0,8,0.16326530612244897,8,0.16326530612244897,41,0.8367346938775511,2,0,0.0,1,0.5,1,0.5,1,0.5
-86.16,39.778,2445,0,0.0,1082,0.4425357873210634,1082,0.4425357873210634,1363,0.5574642126789366,76,0,0.0,32,0.42105263157894735,32,0.42105263157894735,44,0.5789473684210527
-86.1595,39.761,2928,1978,0.6755464480874317,327,0.11168032786885246,2305,0.7872267759562841,623,0.21277322404371585,70,41,0.5857142857142857,8,0.11428571428571428,49,0.7,21,0.3
-86.1595,39.7615,7429,6041,0.8131646251177816,0,0.0,6041,0.8131646251177816,1388,0.18683537488221832,33,23,0.696969696969697,0,0.0,23,0.696969696969697,10,0.30303030303030304
-86.1595,39.7625,212,0,0.0,0,0.0,0,0.0,212,1.0,3,0,0.0,0,0.0,0,0.0,3,1.0
-86.1595,39.763,472,0,0.0,0,0.0,0,0.0,472,1.0,2,0,0.0,0,0.0,0,0.0,2,1.0
-86.1595,39.7635,50,0,0.0,0,0.0,0,0.0,50,1.0,2,0,0.0,0,0.0,0,0.0,2,1.0
-86.1595,39.764,12241,6867,0.5609835797728944,968,0.07907850665795278,7835,0.6400620864308472,4406,0.35993791356915283,100,35,0.35,20,0.2,55,0.55,45,0.45
-86.1595,39.7645,2907,1889,0.6498108015135879,1,0.0003439972480220158,1890,0.65015479876161,1017,0.3498452012383901,37,19,0.5135135135135135,1,0.02702702702702703,20,0.5405405405405406,17,0.4594594594594595
-86.1595,39.765,9109,4800,0.5269513667801076,296,0.0324953342847733,5096,0.5594467010648809,4013,0.44055329893511913,137,67,0.48905109489051096,2,0.014598540145985401,69,0.5036496350364964,68,0.49635036496350365
-86.1595,39.7655,8914,5213,0.584810410590083,324,0.036347318824321295,5537,0.6211577294144043,3377,0.3788422705855957,132,63,0.4772727272727273,13,0.09848484848484848,76,0.5757575757575758,56,0.42424242424242425
-86.1595,39.766,7178,4920,0.685427695736974,55,0.007662301476734467,4975,0.6930899972137085,2203,0.30691000278629144,94,56,0.5957446808510638,2,0.02127659574468085,58,0.6170212765957447,36,0.3829787234042553
-86.1595,39.7665,37852,22626,0.5977491281834514,1250,0.033023354116030856,23876,0.6307724822994822,13976,0.3692275177005178,300,139,0.4633333333333333,9,0.03,148,0.49333333333333335,152,0.5066666666666667
-86.1595,39.767,26782,6673,0.24915988350384588,1760,0.06571577925472333,8433,0.3148756627585692,18349,0.6851243372414308,332,98,0.29518072289156627,27,0.08132530120481928,125,0.37650602409638556,207,0.6234939759036144
-86.1595,39.7675,10679,1376,0.12885101601273527,1402,0.13128570090832475,2778,0.26013671692106,7901,0.73986328307894,176,21,0.11931818181818182,22,0.125,43,0.24431818181818182,133,0.7556818181818182
-86.1595,39.768,21344,1800,0.0843328335832084,3716,0.17410044977511244,5516,0.25843328335832083,15828,0.7415667166416792,135,18,0.13333333333333333,29,0.21481481481481482,47,0.34814814814814815,88,0.6518518518518519
-86.1595,39.7685,15382,4509,0.29313483292159664,2130,0.13847354050188532,6639,0.43160837342348196,8743,0.568391626576518,136,33,0.2426470588235294,16,0.11764705882352941,49,0.3602941176470588,87,0.6397058823529411
-86.1595,39.769,10753,1104,0.10266902259834465,732,0.06807402585325026,1836,0.1707430484515949,8917,0.8292569515484051,191,15,0.07853403141361257,15,0.07853403141361257,30,0.15706806282722513,161,0.8429319371727748
-86.1595,39.7695,36442,869,0.02384611162943856,5398,0.1481257889248669,6267,0.17197190055430547,30175,0.8280280994456946,195,14,0.07179487179487179,33,0.16923076923076924,47,0.24102564102564103,148,0.7589743589743589
-86.1595,39.77,11436,1366,0.11944735921650927,1346,0.11769849597761455,2712,0.23714585519412382,8724,0.7628541448058762,146,20,0.136986301369863,21,0.14383561643835616,41,0.2808219178082192,105,0.7191780821917808
-86.1595,39.7705,7768,3223,0.4149073120494336,1178,0.15164778578784757,4401,0.5665550978372812,3367,0.43344490216271886,169,35,0.20710059171597633,25,0.14792899408284024,60,0.35502958579881655,109,0.6449704142011834
-86.1595,39.771,44457,15475,0.34808916481094093,13904,0.31275164765953617,29379,0.6608408124704771,15078,0.3391591875295229,344,78,0.22674418604651161,88,0.2558139534883721,166,0.48255813953488375,178,0.5174418604651163
-86.1595,39.7715,6182,2470,0.3995470721449369,1464,0.23681656421869945,3934,0.6363636363636364,2248,0.36363636363636365,127,35,0.2755905511811024,34,0.2677165354330709,69,0.5433070866141733,58,0.4566929133858268
-86.1595,39.772,9180,1627,0.17723311546840959,2812,0.306318082788671,4439,0.4835511982570806,4741,0.5164488017429194,187,33,0.17647058823529413,51,0.2727272727272727,84,0.44919786096256686,103,0.5508021390374331
-86.1595,39.7725,35977,959,0.026655919059399062,20343,0.5654445895989104,21302,0.5921005086583094,14675,0.4078994913416905,317,16,0.050473186119873815,154,0.48580441640378547,170,0.5362776025236593,147,0.4637223974763407
-86.1595,39.773,14413,39,0.002705890515506834,2494,0.17303822937625754,2533,0.17574411989176436,11880,0.8242558801082356,61,1,0.01639344262295082,30,0.4918032786885246,31,0.5081967213114754,30,0.4918032786885246
-86.1595,39.7735,7349,48,0.006531500884474078,5507,0.7493536535583073,5555,0.7558851544427814,1794,0.24411484555721866,62,3,0.04838709677419355,33,0.532258064516129,36,0.5806451612903226,26,0.41935483870967744
-86.1595,39.774,11914,379,0.031811314420010076,7740,0.6496558670471714,8119,0.6814671814671814,3795,0.3185328185328185,86,7,0.08139534883720931,43,0.5,50,0.5813953488372093,36,0.4186046511627907
-86.1595,39.7745,3907,19,0.004863066291272076,1443,0.36933708727924236,1462,0.37420015357051445,2445,0.6257998464294855,49,2,0.04081632653061224,20,0.40816326530612246,22,0.4489795918367347,27,0.5510204081632653
-86.1595,39.775,35703,8,0.00022407080637481443,7679,0.215079965269025,7687,0.21530403607539983,28016,0.7846959639246002,137,2,0.014598540145985401,52,0.3795620437956204,54,0.39416058394160586,83,0.6058394160583942
-86.1595,39.7755,16557,3,0.0001811922449719152,5822,0.35163375007549674,5825,0.35181494232046867,10732,0.6481850576795313,128,1,0.0078125,48,0.375,49,0.3828125,79,0.6171875
-86.1595,39.776,3526,0,0.0,581,0.16477595008508225,581,0.16477595008508225,2945,0.8352240499149177,39,0,0.0,17,0.4358974358974359,17,0.4358974358974359,22,0.5641025641025641
-86.1595,39.7765,2988,0,0.0,1412,0.4725568942436412,1412,0.4725568942436412,1576,0.5274431057563588,33,0,0.0,15,0.45454545454545453,15,0.45454545454545453,18,0.5454545454545454
-86.1595,39.777,880,0,0.0,424,0.4818181818181818,424,0.4818181818181818,456,0.5181818181818182,21,0,0.0,9,0.42857142857142855,9,0.42857142857142855,12,0.5714285714285714
-86.1595,39.7775,3935,0,0.0,1606,0.40813214739517156,1606,0.40813214739517156,2329,0.5918678526048284,35,0,0.0,12,0.34285714285714286,12,0.34285714285714286,23,0.6571428571428571
-86.1595,39.778,15452,0,0.0,7204,0.4662179653119337,7204,0.4662179653119337,8248,0.5337820346880663,151,0,0.0,54,0.3576158940397351,54,0.3576158940397351,97,0.6423841059602649
-86.1595,39.7785,216,0,0.0,67,0.3101851851851852,67,0.3101851851851852,149,0.6898148148148148,10,0,0.0,3,0.3,3,0.3,7,0.7
-86.1595,39.779,77,0,0.0,12,0.15584415584415584,12,0.15584415584415584,65,0.8441558441558441,3,0,0.0,1,0.3333333333333333,1,0.3333333333333333,2,0.6666666666666666
-86.1595,39.7795,7,0,0.0,0,0.0,0,0.0,7,1.0,1,0,0.0,0,0.0,0,0.0,1,1.0
-86.159,39.761,2773,1714,0.6181031373963217,200,0.0721240533717995,1914,0.6902271907681212,859,0.30977280923187883,84,43,0.5119047619047619,6,0.07142857142857142,49,0.5833333333333334,35,0.4166666666666667
-86.159,39.7615,436,189,0.4334862385321101,18,0.04128440366972477,207,0.47477064220183485,229,0.5252293577981652,29,11,0.3793103448275862,1,0.034482758620689655,12,0.41379310344827586,17,0.5862068965517241
-86.159,39.764,3278,1087,0.33160463697376447,1116,0.3404514948139109,2203,0.6720561317876754,1075,0.3279438682123246,40,13,0.325,9,0.225,22,0.55,18,0.45
-86.159,39.7645,2,0,0.0,2,1.0,2,1.0,0,0.0,1,0,0.0,1,1.0,1,1.0,0,0.0
-86.159,39.765,108,0,0.0,1,0.009259259259259259,1,0.009259259259259259,107,0.9907407407407407,2,0,0.0,1,0.5,1,0.5,1,0.5
-86.159,39.7655,3625,1885,0.52,180,0.0496551724137931,2065,0.5696551724137932,1560,0.4303448275862069,41,19,0.4634146341463415,4,0.0975609756097561,23,0.5609756097560976,18,0.43902439024390244
-86.159,39.766,2,2,1.0,0,0.0,2,1.0,0,0.0,1,1,1.0,0,0.0,1,1.0,0,0.0
-86.159,39.7665,93,50,0.5376344086021505,0,0.0,50,0.5376344086021505,43,0.46236559139784944,4,3,0.75,0,0.0,3,0.75,1,0.25
-86.159,39.767,10030,1897,0.18913260219341974,1422,0.14177467597208374,3319,0.33090727816550347,6711,0.6690927218344965,93,22,0.23655913978494625,8,0.08602150537634409,30,0.3225806451612903,63,0.6774193548387096
-86.159,39.7675,334,324,0.9700598802395209,0,0.0,324,0.9700598802395209,10,0.029940119760479042,8,5,0.625,0,0.0,5,0.625,3,0.375
-86.159,39.768,132,0,0.0,132,1.0,132,1.0,0,0.0,1,0,0.0,1,1.0,1,1.0,0,0.0
-86.159,39.7685,957,123,0.12852664576802508,214,0.22361546499477533,337,0.35214211076280044,620,0.6478578892371996,13,1,0.07692307692307693,5,0.38461538461538464,6,0.46153846153846156,7,0.5384615384615384
-86.159,39.769,680,71,0.10441176470588236,0,0.0,71,0.10441176470588236,609,0.8955882352941177,4,1,0.25,0,0.0,1,0.25,3,0.75
-86.159,39.7695,7208,376,0.05216426193118757,6,0.000832408435072142,382,0.05299667036625971,6826,0.9470033296337403,128,9,0.0703125,1,0.0078125,10,0.078125,118,0.921875
-86.159,39.77,3313,158,0.04769091457893148,7,0.002112888620585572,165,0.04980380319951705,3148,0.950196196800483,70,6,0.08571428571428572,2,0.02857142857142857,8,0.11428571428571428,62,0.8857142857142857
-86.159,39.7705,186,59,0.3172043010752688,0,0.0,59,0.3172043010752688,127,0.6827956989247311,7,1,0.14285714285714285,0,0.0,1,0.14285714285714285,6,0.8571428571428571
-86.159,39.771,2901,737,0.2540503274732851,1055,0.36366770079283006,1792,0.6177180282661152,1109,0.38228197173388484,59,14,0.23728813559322035,17,0.288135593220339,31,0.5254237288135594,28,0.4745762711864407
-86.159,39.7725,9440,179,0.01896186440677966,5915,0.6265889830508474,6094,0.645550847457627,3346,0.35444915254237286,109,2,0.01834862385321101,51,0.46788990825688076,53,0.48623853211009177,56,0.5137614678899083
-86.159,39.773,1,0,0.0,0,0.0,0,0.0,1,1.0,1,0,0.0,0,0.0,0,0.0,1,1.0
-86.159,39.774,1805,935,0.518005540166205,236,0.13074792243767314,1171,0.6487534626038782,634,0.3512465373961219,48,17,0.3541666666666667,4,0.08333333333333333,21,0.4375,27,0.5625
-86.159,39.775,976,36,0.036885245901639344,538,0.5512295081967213,574,0.5881147540983607,402,0.41188524590163933,41,2,0.04878048780487805,16,0.3902439024390244,18,0.43902439024390244,23,0.5609756097560976
-86.159,39.7755,4432,0,0.0,3017,0.680731046931408,3017,0.680731046931408,1415,0.31926895306859204,94,0,0.0,53,0.5638297872340425,53,0.5638297872340425,41,0.43617021276595747
-86.159,39.776,197,0,0.0,125,0.6345177664974619,125,0.6345177664974619,72,0.36548223350253806,5,0,0.0,3,0.6,3,0.6,2,0.4
-86.159,39.7765,2351,0,0.0,1610,0.6848149723521906,1610,0.6848149723521906,741,0.3151850276478094,21,0,0.0,11,0.5238095238095238,11,0.5238095238095238,10,0.47619047619047616
-86.159,39.777,626,0,0.0,369,0.5894568690095847,369,0.5894568690095847,257,0.41054313099041534,18,0,0.0,9,0.5,9,0.5,9,0.5
-86.159,39.7775,1187,0,0.0,451,0.37994945240101097,451,0.37994945240101097,736,0.620050547598989,52,0,0.0,19,0.36538461538461536,19,0.36538461538461536,33,0.6346153846153846
-86.159,39.778,10714,0,0.0,3713,0.3465559081575509,3713,0.3465559081575509,7001,0.6534440918424491,143,0,0.0,42,0.2937062937062937,42,0.2937062937062937,101,0.7062937062937062
-86.159,39.7785,438,0,0.0,196,0.4474885844748858,196,0.4474885844748858,242,0.5525114155251142,19,0,0.0,8,0.42105263157894735,8,0.42105263157894735,11,0.5789473684210527
-86.159,39.779,526,0,0.0,276,0.5247148288973384,276,0.5247148288973384,250,0.4752851711026616,23,0,0.0,10,0.43478260869565216,10,0.43478260869565216,13,0.5652173913043478
-86.159,39.7795,638,0,0.0,200,0.31347962382445144,200,0.31347962382445144,438,0.6865203761755486,21,0,0.0,8,0.38095238095238093,8,0.38095238095238093,13,0.6190476190476191
-86.159,39.78,708,0,0.0,216,0.3050847457627119,216,0.3050847457627119,492,0.6949152542372882,19,0,0.0,7,0.3684210526315789,7,0.3684210526315789,12,0.631578947368421
-86.159,39.7805,1247,0,0.0,356,0.2854851643945469,356,0.2854851643945469,891,0.714514835605453,14,0,0.0,5,0.35714285714285715,5,0.35714285714285715,9,0.6428571428571429
-86.1585,39.761,6750,3578,0.530074074074074,633,0.09377777777777778,4211,0.6238518518518518,2539,0.3761481481481482,199,86,0.4321608040201005,11,0.05527638190954774,97,0.48743718592964824,102,0.5125628140703518
-86.1585,39.7615,135,15,0.1111111111111111,24,0.17777777777777778,39,0.28888888888888886,96,0.7111111111111111,12,2,0.16666666666666666,1,0.08333333333333333,3,0.25,9,0.75
-86.1585,39.7625,231,0,0.0,0,0.0,0,0.0,231,1.0,4,0,0.0,0,0.0,0,0.0,4,1.0
-86.1585,39.763,65,0,0.0,0,0.0,0,0.0,65,1.0,2,0,0.0,0,0.0,0,0.0,2,1.0
-86.1585,39.764,3707,1033,0.27866199082816295,1554,0.4192069058537901,2587,0.6978688966819531,1120,0.30213110331804693,91,20,0.21978021978021978,34,0.37362637362637363,54,0.5934065934065934,37,0.4065934065934066
-86.1585,39.765,2,0,0.0,2,1.0,2,1.0,0,0.0,1,0,0.0,1,1.0,1,1.0,0,0.0
-86.1585,39.7655,5087,2253,0.4428936504816198,891,0.17515234912522115,3144,0.618045999606841,1943,0.381954000393159,76,23,0.3026315789473684,5,0.06578947368421052,28,0.3684210526315789,48,0.631578947368421
-86.1585,39.7665,46,46,1.0,0,0.0,46,1.0,0,0.0,1,1,1.0,0,0.0,1,1.0,0,0.0
-86.1585,39.767,6643,1523,0.22926388679813337,255,0.03838627126298359,1778,0.26765015806111697,4865,0.7323498419388831,76,16,0.21052631578947367,7,0.09210526315789473,23,0.3026315789473684,53,0.6973684210526315
-86.1585,39.7675,702,470,0.6695156695156695,0,0.0,470,0.6695156695156695,232,0.33048433048433046,5,3,0.6,0,0.0,3,0.6,2,0.4
-86.1585,39.768,5788,1590,0.27470628887353143,1936,0.3344851416724257,3526,0.6091914305459571,2262,0.39080856945404285,54,8,0.14814814814814814,18,0.3333333333333333,26,0.48148148148148145,28,0.5185185185185185
-86.1585,39.7685,5713,1413,0.24733064939611413,1077,0.1885174164186942,2490,0.43584806581480834,3223,0.5641519341851917,60,9,0.15,19,0.31666666666666665,28,0.4666666666666667,32,0.5333333333333333
-86.1585,39.769,380,253,0.6657894736842105,37,0.09736842105263158,290,0.763157894736842,90,0.23684210526315788,7,2,0.2857142857142857,2,0.2857142857142857,4,0.5714285714285714,3,0.42857142857142855
-86.1585,39.7695,4842,647,0.13362247005369682,19,0.00392399834779017,666,0.137546468401487,4176,0.862453531598513,145,9,0.06206896551724138,2,0.013793103448275862,11,0.07586206896551724,134,0.9241379310344827
-86.1585,39.77,2304,221,0.0959201388888889,0,0.0,221,0.0959201388888889,2083,0.9040798611111112,35,5,0.14285714285714285,0,0.0,5,0.14285714285714285,30,0.8571428571428571
-86.1585,39.7705,44,24,0.5454545454545454,0,0.0,24,0.5454545454545454,20,0.45454545454545453,4,1,0.25,0,0.0,1,0.25,3,0.75
-86.1585,39.771,3770,1411,0.3742705570291777,1029,0.2729442970822281,2440,0.6472148541114058,1330,0.35278514588859416,98,30,0.30612244897959184,16,0.16326530612244897,46,0.46938775510204084,52,0.5306122448979592
-86.1585,39.7725,2214,96,0.04336043360433604,885,0.3997289972899729,981,0.44308943089430897,1233,0.556910569105691,81,4,0.04938271604938271,31,0.38271604938271603,35,0.43209876543209874,46,0.5679012345679012
-86.1585,39.7735,13,13,1.0,0,0.0,13,1.0,0,0.0,1,1,1.0,0,0.0,1,1.0,0,0.0
-86.1585,39.774,834,437,0.5239808153477218,35,0.04196642685851319,472,0.5659472422062349,362,0.434052757793765,39,17,0.4358974358974359,3,0.07692307692307693,20,0.5128205128205128,19,0.48717948717948717
-86.1585,39.775,486,0,0.0,204,0.41975308641975306,204,0.41975308641975306,282,0.5802469135802469,15,0,0.0,6,0.4,6,0.4,9,0.6
-86.1585,39.7755,2025,30,0.014814814814814815,1159,0.5723456790123457,1189,0.5871604938271605,836,0.4128395061728395,43,1,0.023255813953488372,25,0.5813953488372093,26,0.6046511627906976,17,0.3953488372093023
-86.1585,39.7765,43,0,0.0,0,0.0,0,0.0,43,1.0,1,0,0.0,0,0.0,0,0.0,1,1.0
-86.1585,39.7775,630,0,0.0,281,0.44603174603174606,281,0.44603174603174606,349,0.553968253968254,26,0,0.0,8,0.3076923076923077,8,0.3076923076923077,18,0.6923076923076923
-86.1585,39.778,1829,0,0.0,635,0.3471842536905413,635,0.3471842536905413,1194,0.6528157463094587,54,0,0.0,19,0.35185185185185186,19,0.35185185185185186,35,0.6481481481481481
-86.158,39.761,8883,3211,0.3614769784982551,791,0.08904649330181245,4002,0.4505234718000676,4881,0.5494765281999324,147,49,0.3333333333333333,10,0.06802721088435375,59,0.4013605442176871,88,0.5986394557823129
-86.158,39.7615,4496,476,0.10587188612099645,396,0.08807829181494661,872,0.19395017793594305,3624,0.806049822064057,59,9,0.15254237288135594,7,0.11864406779661017,16,0.2711864406779661,43,0.7288135593220338
-86.158,39.762,1875,233,0.12426666666666666,55,0.029333333333333333,288,0.1536,1587,0.8464,54,8,0.14814814814814814,1,0.018518518518518517,9,0.16666666666666666,45,0.8333333333333334
-86.158,39.7625,2964,482,0.16261808367071526,41,0.013832658569500675,523,0.17645074224021592,2441,0.823549257759784,54,11,0.2037037037037037,2,0.037037037037037035,13,0.24074074074074073,41,0.7592592592592593
-86.158,39.763,3205,921,0.2873634945397816,309,0.09641185647425897,1230,0.3837753510140406,1975,0.6162246489859594,51,18,0.35294117647058826,4,0.0784313725490196,22,0.43137254901960786,29,0.5686274509803921
-86.158,39.7635,3385,2516,0.7432791728212703,82,0.024224519940915804,2598,0.7675036927621861,787,0.2324963072378139,86,39,0.45348837209302323,2,0.023255813953488372,41,0.47674418604651164,45,0.5232558139534884
-86.158,39.764,16114,6886,0.42733027181333,4478,0.27789499813826485,11364,0.7052252699515948,4750,0.2947747300484051,126,45,0.35714285714285715,32,0.25396825396825395,77,0.6111111111111112,49,0.3888888888888889
-86.158,39.7645,6762,1297,0.19180715764566697,3177,0.46983141082519964,4474,0.6616385684708666,2288,0.3383614315291334,80,24,0.3,15,0.1875,39,0.4875,41,0.5125
-86.158,39.765,4534,584,0.12880458756065286,1646,0.3630348478164976,2230,0.49183943537715047,2304,0.5081605646228495,82,19,0.23170731707317074,18,0.21951219512195122,37,0.45121951219512196,45,0.5487804878048781
-86.158,39.7655,12112,1320,0.10898282694848084,3903,0.3222424042272127,5223,0.4312252311756935,6889,0.5687747688243064,153,26,0.16993464052287582,43,0.28104575163398693,69,0.45098039215686275,84,0.5490196078431373
-86.158,39.766,2919,1008,0.34532374100719426,430,0.1473107228502912,1438,0.49263446385748544,1481,0.5073655361425146,47,9,0.19148936170212766,9,0.19148936170212766,18,0.3829787234042553,29,0.6170212765957447
-86.158,39.7665,4839,1188,0.24550526968381897,966,0.1996280223186609,2154,0.44513329200247986,2685,0.5548667079975201,56,11,0.19642857142857142,11,0.19642857142857142,22,0.39285714285714285,34,0.6071428571428571
-86.158,39.767,31298,5205,0.16630455620167423,3914,0.12505591411591796,9119,0.29136047031759216,22179,0.7086395296824078,210,36,0.17142857142857143,35,0.16666666666666666,71,0.3380952380952381,139,0.6619047619047619
-86.158,39.7675,14879,1726,0.11600241951744068,1284,0.08629612205121312,3010,0.2022985415686538,11869,0.7977014584313462,141,18,0.1276595744680851,29,0.20567375886524822,47,0.3333333333333333,94,0.6666666666666666
-86.158,39.768,2166,270,0.12465373961218837,712,0.32871652816251157,982,0.4533702677746999,1184,0.5466297322253001,48,5,0.10416666666666667,17,0.3541666666666667,22,0.4583333333333333,26,0.5416666666666666
-86.158,39.7685,1999,71,0.03551775887943972,494,0.24712356178089045,565,0.28264132066033015,1434,0.7173586793396698,34,4,0.11764705882352941,10,0.29411764705882354,14,0.4117647058823529,20,0.5882352941176471
-86.158,39.769,6399,1301,0.20331301765900922,1001,0.1564306922956712,2302,0.3597437099546804,4097,0.6402562900453196,79,14,0.17721518987341772,15,0.189873417721519,29,0.3670886075949367,50,0.6329113924050633
-86.158,39.7695,12302,1307,0.10624288733539262,0,0.0,1307,0.10624288733539262,10995,0.8937571126646073,91,16,0.17582417582417584,0,0.0,16,0.17582417582417584,75,0.8241758241758241
-86.158,39.77,3673,527,0.14347944459569834,3,0.0008167710318540703,530,0.1442962156275524,3143,0.8557037843724475,26,5,0.19230769230769232,1,0.038461538461538464,6,0.23076923076923078,20,0.7692307692307693
-86.158,39.7705,778,331,0.4254498714652956,4,0.005141388174807198,335,0.4305912596401028,443,0.5694087403598972,30,11,0.36666666666666664,1,0.03333333333333333,12,0.4,18,0.6
-86.158,39.771,6392,4439,0.6944618272841051,594,0.09292866082603254,5033,0.7873904881101377,1359,0.21260951188986232,159,49,0.3081761006289308,45,0.2830188679245283,94,0.5911949685534591,65,0.4088050314465409
-86.158,39.7715,448,82,0.18303571428571427,4,0.008928571428571428,86,0.1919642857142857,362,0.8080357142857143,8,1,0.125,1,0.125,2,0.25,6,0.75
-86.158,39.772,54,49,0.9074074074074074,5,0.09259259259259259,54,1.0,0,0.0,2,1,0.5,1,0.5,2,1.0,0,0.0
-86.158,39.7725,5821,417,0.07163717574299948,3416,0.5868407490121972,3833,0.6584779247551966,1988,0.3415220752448033,110,23,0.20909090909090908,27,0.24545454545454545,50,0.45454545454545453,60,0.5454545454545454
-86.158,39.7735,25,25,1.0,0,0.0,25,1.0,0,0.0,1,1,1.0,0,0.0,1,1.0,0,0.0
-86.158,39.774,875,614,0.7017142857142857,9,0.010285714285714285,623,0.712,252,0.288,37,20,0.5405405405405406,1,0.02702702702702703,21,0.5675675675675675,16,0.43243243243243246
-86.158,39.775,4348,0,0.0,1938,0.4457221711131555,1938,0.4457221711131555,2410,0.5542778288868445,21,0,0.0,10,0.47619047619047616,10,0.47619047619047616,11,0.5238095238095238
-86.158,39.7755,1483,13,0.008766014834794335,973,0.6561024949426838,986,0.6648685097774781,497,0.3351314902225219,26,1,0.038461538461538464,16,0.6153846153846154,17,0.6538461538461539,9,0.34615384615384615
-86.158,39.7765,57,0,0.0,0,0.0,0,0.0,57,1.0,1,0,0.0,0,0.0,0,0.0,1,1.0
-86.158,39.7775,1058,0,0.0,537,0.5075614366729678,537,0.5075614366729678,521,0.4924385633270321,34,0,0.0,17,0.5,17,0.5,17,0.5
-86.158,39.778,1474,0,0.0,597,0.4050203527815468,597,0.4050203527815468,877,0.5949796472184532,30,0,0.0,14,0.4666666666666667,14,0.4666666666666667,16,0.5333333333333333
-86.1575,39.761,9160,552,0.06026200873362445,1123,0.12259825327510918,1675,0.18286026200873362,7485,0.8171397379912664,111,27,0.24324324324324326,13,0.11711711711711711,40,0.36036036036036034,71,0.6396396396396397
-86.1575,39.7615,982,114,0.11608961303462322,168,0.1710794297352342,282,0.28716904276985744,700,0.7128309572301426,20,3,0.15,4,0.2,7,0.35,13,0.65
-86.1575,39.7625,30,0,0.0,0,0.0,0,0.0,30,1.0,1,0,0.0,0,0.0,0,0.0,1,1.0
-86.1575,39.764,1943,1154,0.5939269171384457,164,0.08440555841482245,1318,0.6783324755532681,625,0.32166752444673186,30,8,0.26666666666666666,5,0.16666666666666666,13,0.43333333333333335,17,0.5666666666666667
-86.1575,39.7645,103,0,0.0,0,0.0,0,0.0,103,1.0,1,0,0.0,0,0.0,0,0.0,1,1.0
-86.1575,39.7655,2104,322,0.15304182509505704,237,0.1126425855513308,559,0.2656844106463878,1545,0.7343155893536122,23,4,0.17391304347826086,5,0.21739130434782608,9,0.391304347826087,14,0.6086956521739131
-86.1575,39.7665,5611,509,0.09071466761718054,2884,0.5139903760470504,3393,0.604705043664231,2218,0.395294956335769,55,3,0.05454545454545454,23,0.41818181818181815,26,0.4727272727272727,29,0.5272727272727272
-86.1575,39.767,61086,3335,0.05459516092066922,39502,0.6466620829650002,42837,0.7012572438856693,18249,0.2987427561143306,199,39,0.19597989949748743,49,0.24623115577889448,88,0.44221105527638194,111,0.5577889447236181
-86.1575,39.7675,25999,2074,0.07977229893457441,4876,0.18754567483364745,6950,0.26731797376822186,19049,0.7326820262317781,115,15,0.13043478260869565,16,0.1391304347826087,31,0.26956521739130435,84,0.7304347826086957
-86.1575,39.768,3125,628,0.20096,1159,0.37088,1787,0.57184,1338,0.42816,57,11,0.19298245614035087,13,0.22807017543859648,24,0.42105263157894735,33,0.5789473684210527
-86.1575,39.7685,2278,762,0.334503950834065,424,0.1861281826163301,1186,0.520632133450395,1092,0.4793678665496049,48,13,0.2708333333333333,16,0.3333333333333333,29,0.6041666666666666,19,0.3958333333333333
-86.1575,39.769,4963,802,0.1615958089865001,596,0.12008865605480556,1398,0.2816844650413057,3565,0.7183155349586944,62,18,0.2903225806451613,10,0.16129032258064516,28,0.45161290322580644,34,0.5483870967741935
-86.1575,39.7695,11495,1541,0.13405828621139626,340,0.02957807742496738,1881,0.16363636363636364,9614,0.8363636363636363,105,26,0.24761904761904763,7,0.06666666666666667,33,0.3142857142857143,72,0.6857142857142857
-86.1575,39.77,1657,301,0.1816535908267954,63,0.038020519010259504,364,0.21967410983705493,1293,0.7803258901629451,31,7,0.22580645161290322,5,0.16129032258064516,12,0.3870967741935484,19,0.6129032258064516
-86.1575,39.7705,1743,880,0.5048766494549627,162,0.09294320137693632,1042,0.597819850831899,701,0.40218014916810096,44,15,0.3409090909090909,4,0.09090909090909091,19,0.4318181818181818,25,0.5681818181818182
-86.1575,39.771,6924,5159,0.7450895436164067,129,0.018630849220103985,5288,0.7637203928365106,1636,0.2362796071634893,88,44,0.5,2,0.022727272727272728,46,0.5227272727272727,42,0.4772727272727273
-86.1575,39.7715,5712,3063,0.5362394957983193,104,0.018207282913165267,3167,0.5544467787114846,2545,0.44555322128851543,95,45,0.47368421052631576,2,0.021052631578947368,47,0.49473684210526314,48,0.5052631578947369
-86.1575,39.772,4731,2768,0.5850771507080955,250,0.0528429507503699,3018,0.6379201014584654,1713,0.36207989854153455,136,73,0.5367647058823529,8,0.058823529411764705,81,0.5955882352941176,55,0.40441176470588236
-86.1575,39.7725,16750,11832,0.7063880597014925,587,0.03504477611940299,12419,0.7414328358208955,4331,0.25856716417910447,140,58,0.4142857142857143,14,0.1,72,0.5142857142857142,68,0.4857142857142857
-86.1575,39.773,1691,555,0.3282081608515671,308,0.18214074512123005,863,0.5103489059727971,828,0.48965109402720286,72,20,0.2777777777777778,11,0.1527777777777778,31,0.4305555555555556,41,0.5694444444444444
-86.1575,39.7735,5210,2342,0.4495201535508637,945,0.1813819577735125,3287,0.6309021113243762,1923,0.3690978886756238,111,25,0.22522522522522523,29,0.26126126126126126,54,0.4864864864864865,57,0.5135135135135135
-86.1575,39.774,9137,6874,0.7523257086571085,356,0.03896246032614644,7230,0.7912881689832549,1907,0.2087118310167451,91,39,0.42857142857142855,15,0.16483516483516483,54,0.5934065934065934,37,0.4065934065934066
-86.1575,39.7745,3273,1512,0.461961503208066,598,0.18270699663916895,2110,0.644668499847235,1163,0.35533150015276505,89,21,0.23595505617977527,16,0.1797752808988764,37,0.4157303370786517,52,0.5842696629213483
-86.1575,39.775,6158,215,0.03491393309516077,2695,0.43764209158817796,2910,0.47255602468333874,3248,0.5274439753166612,140,7,0.05,66,0.4714285714285714,73,0.5214285714285715,67,0.4785714285714286
-86.1575,39.7755,4040,17,0.004207920792079208,2289,0.5665841584158415,2306,0.5707920792079207,1734,0.4292079207920792,41,1,0.024390243902439025,29,0.7073170731707317,30,0.7317073170731707,11,0.2682926829268293
-86.1575,39.776,790,0,0.0,565,0.7151898734177216,565,0.7151898734177216,225,0.2848101265822785,24,0,0.0,16,0.6666666666666666,16,0.6666666666666666,8,0.3333333333333333
-86.1575,39.7765,1058,0,0.0,657,0.6209829867674859,657,0.6209829867674859,401,0.3790170132325142,21,0,0.0,13,0.6190476190476191,13,0.6190476190476191,8,0.38095238095238093
-86.1575,39.777,1155,0,0.0,967,0.8372294372294372,967,0.8372294372294372,188,0.16277056277056276,21,0,0.0,15,0.7142857142857143,15,0.7142857142857143,6,0.2857142857142857
-86.1575,39.7775,20724,0,0.0,10804,0.521327928971241,10804,0.521327928971241,9920,0.4786720710287589,133,0,0.0,71,0.5338345864661654,71,0.5338345864661654,62,0.46616541353383456
-86.1575,39.778,3761,0,0.0,2241,0.5958521669768678,2241,0.5958521669768678,1520,0.4041478330231321,36,0,0.0,23,0.6388888888888888,23,0.6388888888888888,13,0.3611111111111111
-86.1575,39.7785,486,0,0.0,460,0.9465020576131687,460,0.9465020576131687,26,0.053497942386831275,20,0,0.0,14,0.7,14,0.7,6,0.3
-86.1575,39.779,462,0,0.0,449,0.9718614718614719,449,0.9718614718614719,13,0.02813852813852814,14,0,0.0,10,0.7142857142857143,10,0.7142857142857143,4,0.2857142857142857
-86.1575,39.7795,472,0,0.0,348,0.7372881355932204,348,0.7372881355932204,124,0.2627118644067797,15,0,0.0,8,0.5333333333333333,8,0.5333333333333333,7,0.4666666666666667
-86.1575,39.78,494,0,0.0,282,0.5708502024291497,282,0.5708502024291497,212,0.4291497975708502,11,0,0.0,7,0.6363636363636364,7,0.6363636363636364,4,0.36363636363636365
-86.1575,39.7805,563,0,0.0,237,0.42095914742451157,237,0.42095914742451157,326,0.5790408525754884,7,0,0.0,4,0.5714285714285714,4,0.5714285714285714,3,0.42857142857142855
-86.157,39.761,1733,950,0.5481823427582228,234,0.1350259665320254,1184,0.6832083092902481,549,0.3167916907097519,54,28,0.5185185185185185,8,0.14814814814814814,36,0.6666666666666666,18,0.3333333333333333
-86.157,39.7615,40,40,1.0,0,0.0,40,1.0,0,0.0,2,2,1.0,0,0.0,2,1.0,0,0.0
-86.157,39.764,864,469,0.5428240740740741,69,0.0798611111111111,538,0.6226851851851851,326,0.3773148148148148,30,8,0.26666666666666666,2,0.06666666666666667,10,0.3333333333333333,20,0.6666666666666666
-86.157,39.7645,288,0,0.0,0,0.0,0,0.0,288,1.0,2,0,0.0,0,0.0,0,0.0,2,1.0
-86.157,39.7655,1937,687,0.3546721734641198,216,0.11151264842540011,903,0.4661848218895199,1034,0.5338151781104801,76,21,0.27631578947368424,4,0.05263157894736842,25,0.32894736842105265,51,0.6710526315789473
-86.157,39.766,2,0,0.0,2,1.0,2,1.0,0,0.0,1,0,0.0,1,1.0,1,1.0,0,0.0
-86.157,39.7665,1033,177,0.1713455953533398,143,0.13843175217812198,320,0.3097773475314618,713,0.6902226524685382,12,1,0.08333333333333333,2,0.16666666666666666,3,0.25,9,0.75
-86.157,39.767,7951,1398,0.17582694000754623,645,0.08112187146270909,2043,0.25694881147025533,5908,0.7430511885297447,107,17,0.1588785046728972,8,0.07476635514018691,25,0.2336448598130841,82,0.7663551401869159
-86.157,39.7675,27,27,1.0,0,0.0,27,1.0,0,0.0,1,1,1.0,0,0.0,1,1.0,0,0.0
-86.157,39.768,4697,1353,0.28805620608899296,915,0.19480519480519481,2268,0.4828614008941878,2429,0.5171385991058122,63,20,0.31746031746031744,11,0.1746031746031746,31,0.49206349206349204,32,0.5079365079365079
-86.157,39.7685,41064,24097,0.5868157023183324,4022,0.09794467173193064,28119,0.684760374050263,12945,0.315239625949737,144,55,0.3819444444444444,16,0.1111111111111111,71,0.4930555555555556,73,0.5069444444444444
-86.157,39.769,315,193,0.6126984126984127,0,0.0,193,0.6126984126984127,122,0.3873015873015873,3,2,0.6666666666666666,0,0.0,2,0.6666666666666666,1,0.3333333333333333
-86.157,39.7695,4995,800,0.16016016016016016,43,0.008608608608608608,843,0.16876876876876876,4152,0.8312312312312312,68,13,0.19117647058823528,1,0.014705882352941176,14,0.20588235294117646,54,0.7941176470588235
-86.157,39.77,122,32,0.26229508196721313,0,0.0,32,0.26229508196721313,90,0.7377049180327869,4,1,0.25,0,0.0,1,0.25,3,0.75
-86.157,39.771,4421,3918,0.8862248360099525,0,0.0,3918,0.8862248360099525,503,0.1137751639900475,30,17,0.5666666666666667,0,0.0,17,0.5666666666666667,13,0.43333333333333335
-86.157,39.7725,6013,4236,0.7044736404457009,497,0.08265424912689173,4733,0.7871278895725926,1280,0.21287211042740728,52,18,0.34615384615384615,5,0.09615384615384616,23,0.4423076923076923,29,0.5576923076923077
-86.157,39.774,3000,1981,0.6603333333333333,662,0.22066666666666668,2643,0.881,357,0.119,94,54,0.574468085106383,4,0.0425531914893617,58,0.6170212765957447,36,0.3829787234042553
-86.157,39.775,3327,0,0.0,1632,0.4905320108205591,1632,0.4905320108205591,1695,0.5094679891794409,78,0,0.0,38,0.48717948717948717,38,0.48717948717948717,40,0.5128205128205128
-86.157,39.7755,785,0,0.0,669,0.8522292993630574,669,0.8522292993630574,116,0.14777070063694267,13,0,0.0,8,0.6153846153846154,8,0.6153846153846154,5,0.38461538461538464
-86.157,39.7775,1687,0,0.0,473,0.2803793716656787,473,0.2803793716656787,1214,0.7196206283343213,14,0,0.0,8,0.5714285714285714,8,0.5714285714285714,6,0.42857142857142855
-86.157,39.778,43,0,0.0,43,1.0,43,1.0,0,0.0,1,0,0.0,1,1.0,1,1.0,0,0.0
-86.157,39.78,15,0,0.0,3,0.2,3,0.2,12,0.8,2,0,0.0,1,0.5,1,0.5,1,0.5
-86.157,39.7805,431,0,0.0,11,0.025522041763341066,11,0.025522041763341066,420,0.974477958236659,3,0,0.0,1,0.3333333333333333,1,0.3333333333333333,2,0.6666666666666666
-86.1565,39.761,3391,1744,0.5143025656148629,255,0.07519905632556768,1999,0.5895016219404305,1392,0.41049837805956946,74,38,0.5135135135135135,6,0.08108108108108109,44,0.5945945945945946,30,0.40540540540540543
-86.1565,39.7615,1105,124,0.11221719457013575,21,0.019004524886877826,145,0.13122171945701358,960,0.8687782805429864,20,4,0.2,1,0.05,5,0.25,15,0.75
-86.1565,39.762,764,315,0.412303664921466,0,0.0,315,0.412303664921466,449,0.587696335078534,33,10,0.30303030303030304,0,0.0,10,0.30303030303030304,23,0.696969696969697
-86.1565,39.7625,559,520,0.9302325581395349,0,0.0,520,0.9302325581395349,39,0.06976744186046512,7,5,0.7142857142857143,0,0.0,5,0.7142857142857143,2,0.2857142857142857
-86.1565,39.763,66,57,0.8636363636363636,0,0.0,57,0.8636363636363636,9,0.13636363636363635,3,2,0.6666666666666666,0,0.0,2,0.6666666666666666,1,0.3333333333333333
-86.1565,39.764,1321,371,0.2808478425435276,150,0.11355034065102196,521,0.39439818319454956,800,0.6056018168054504,19,4,0.21052631578947367,4,0.21052631578947367,8,0.42105263157894735,11,0.5789473684210527
-86.1565,39.7645,255,56,0.2196078431372549,0,0.0,56,0.2196078431372549,199,0.7803921568627451,3,1,0.3333333333333333,0,0.0,1,0.3333333333333333,2,0.6666666666666666
-86.1565,39.765,86,0,0.0,0,0.0,0,0.0,86,1.0,1,0,0.0,0,0.0,0,0.0,1,1.0
-86.1565,39.7655,8336,5524,0.6626679462571977,292,0.03502879078694818,5816,0.6976967370441459,2520,0.30230326295585414,31,20,0.6451612903225806,4,0.12903225806451613,24,0.7741935483870968,7,0.22580645161290322
-86.1565,39.766,1,0,0.0,1,1.0,1,1.0,0,0.0,1,0,0.0,1,1.0,1,1.0,0,0.0
-86.1565,39.7665,903,139,0.1539313399778516,11,0.012181616832779624,150,0.16611295681063123,753,0.8338870431893688,25,7,0.28,2,0.08,9,0.36,16,0.64
-86.1565,39.767,7293,1686,0.2311805841217606,379,0.05196764020293432,2065,0.2831482243246949,5228,0.7168517756753051,144,46,0.3194444444444444,7,0.04861111111111111,53,0.3680555555555556,91,0.6319444444444444
-86.1565,39.7675,640,0,0.0,0,0.0,0,0.0,640,1.0,2,0,0.0,0,0.0,0,0.0,2,1.0
-86.1565,39.768,728,359,0.49313186813186816,87,0.11950549450549451,446,0.6126373626373627,282,0.3873626373626374,20,10,0.5,1,0.05,11,0.55,9,0.45
-86.1565,39.7685,5350,413,0.07719626168224299,451,0.08429906542056075,864,0.16149532710280373,4486,0.8385046728971962,26,9,0.34615384615384615,5,0.19230769230769232,14,0.5384615384615384,12,0.46153846153846156
-86.1565,39.769,1148,216,0.18815331010452963,77,0.06707317073170732,293,0.25522648083623695,855,0.7447735191637631,7,3,0.42857142857142855,1,0.14285714285714285,4,0.5714285714285714,3,0.42857142857142855
-86.1565,39.7695,6471,2644,0.4085921804976047,165,0.025498377375985166,2809,0.43409055787358986,3662,0.5659094421264101,103,35,0.33980582524271846,2,0.019417475728155338,37,0.3592233009708738,66,0.6407766990291263
-86.1565,39.77,152,152,1.0,0,0.0,152,1.0,0,0.0,1,1,1.0,0,0.0,1,1.0,0,0.0
-86.1565,39.771,3291,2254,0.6848982072318445,27,0.008204193254329991,2281,0.6931024004861744,1010,0.30689759951382556,51,27,0.5294117647058824,1,0.0196078431372549,28,0.5490196078431373,23,0.45098039215686275
-86.1565,39.7725,883,377,0.4269535673839185,153,0.17327293318233294,530,0.6002265005662515,353,0.39977349943374857,21,8,0.38095238095238093,4,0.19047619047619047,12,0.5714285714285714,9,0.42857142857142855
-86.1565,39.773,1,1,1.0,0,0.0,1,1.0,0,0.0,1,1,1.0,0,0.0,1,1.0,0,0.0
-86.1565,39.774,2483,2008,0.8086991542488925,94,0.037857430527587596,2102,0.8465565847764801,381,0.15344341522351992,38,19,0.5,6,0.15789473684210525,25,0.6578947368421053,13,0.34210526315789475
-86.1565,39.775,3471,30,0.00864304235090752,1390,0.4004609622587151,1420,0.4091040046096226,2051,0.5908959953903774,35,2,0.05714285714285714,15,0.42857142857142855,17,0.4857142857142857,18,0.5142857142857142
-86.1565,39.7755,227,28,0.12334801762114538,73,0.32158590308370044,101,0.44493392070484583,126,0.5550660792951542,10,2,0.2,2,0.2,4,0.4,6,0.6
-86.1565,39.7775,3863,0,0.0,344,0.08904996117007508,344,0.08904996117007508,3519,0.910950038829925,27,0,0.0,14,0.5185185185185185,14,0.5185185185185185,13,0.48148148148148145
-86.156,39.761,9803,4646,0.47393655003570334,584,0.05957359991839233,5230,0.5335101499540956,4573,0.4664898500459043,100,50,0.5,6,0.06,56,0.56,44,0.44
-86.156,39.7615,2135,809,0.37892271662763466,0,0.0,809,0.37892271662763466,1326,0.6210772833723653,23,7,0.30434782608695654,0,0.0,7,0.30434782608695654,16,0.6956521739130435
-86.156,39.762,910,415,0.45604395604395603,0,0.0,415,0.45604395604395603,495,0.5439560439560439,33,12,0.36363636363636365,0,0.0,12,0.36363636363636365,21,0.6363636363636364
-86.156,39.7625,776,544,0.7010309278350515,0,0.0,544,0.7010309278350515,232,0.29896907216494845,13,10,0.7692307692307693,0,0.0,10,0.7692307692307693,3,0.23076923076923078
-86.156,39.763,1049,799,0.7616777883698761,0,0.0,799,0.7616777883698761,250,0.23832221163012393,57,36,0.631578947368421,0,0.0,36,0.631578947368421,21,0.3684210526315789
-86.156,39.7635,1205,941,0.7809128630705394,0,0.0,941,0.7809128630705394,264,0.21908713692946058,44,26,0.5909090909090909,0,0.0,26,0.5909090909090909,18,0.4090909090909091
-86.156,39.764,2226,1449,0.6509433962264151,186,0.08355795148247978,1635,0.7345013477088949,591,0.26549865229110514,73,36,0.4931506849315068,5,0.0684931506849315,41,0.5616438356164384,32,0.4383561643835616
-86.156,39.7645,2686,1411,0.5253164556962026,122,0.045420699925539834,1533,0.5707371556217424,1153,0.4292628443782576,61,27,0.4426229508196721,5,0.08196721311475409,32,0.5245901639344263,29,0.47540983606557374
-86.156,39.765,2079,1620,0.7792207792207793,133,0.06397306397306397,1753,0.8431938431938433,326,0.1568061568061568,36,22,0.6111111111111112,3,0.08333333333333333,25,0.6944444444444444,11,0.3055555555555556
-86.156,39.7655,10016,7536,0.7523961661341853,257,0.02565894568690096,7793,0.7780551118210862,2223,0.22194488817891375,134,76,0.5671641791044776,6,0.04477611940298507,82,0.6119402985074627,52,0.3880597014925373
-86.156,39.766,5125,4200,0.8195121951219512,62,0.012097560975609756,4262,0.8316097560975609,863,0.16839024390243904,88,48,0.5454545454545454,1,0.011363636363636364,49,0.5568181818181818,39,0.4431818181818182
-86.156,39.7665,6613,3852,0.5824890367458038,637,0.09632541962800545,4489,0.6788144563738092,2124,0.32118554362619084,123,69,0.5609756097560976,7,0.056910569105691054,76,0.6178861788617886,47,0.3821138211382114
-86.156,39.767,14409,7503,0.520716219029773,1103,0.07654937886043445,8606,0.5972655978902075,5803,0.4027344021097925,275,136,0.49454545454545457,7,0.025454545454545455,143,0.52,132,0.48
-86.156,39.7675,10081,7408,0.7348477333597857,220,0.021823231822239858,7628,0.7566709651820256,2453,0.2433290348179744,79,49,0.620253164556962,3,0.0379746835443038,52,0.6582278481012658,27,0.34177215189873417
-86.156,39.768,42644,37720,0.8845324078416659,932,0.021855360660350813,38652,0.9063877685020166,3992,0.0936122314979833,216,115,0.5324074074074074,5,0.023148148148148147,120,0.5555555555555556,96,0.4444444444444444
-86.156,39.7685,16968,12227,0.7205917020273456,360,0.021216407355021217,12587,0.7418081093823667,4381,0.2581918906176332,174,90,0.5172413793103449,5,0.028735632183908046,95,0.5459770114942529,79,0.4540229885057471
-86.156,39.769,9147,6104,0.6673226194380671,14,0.0015305564666010713,6118,0.6688531759046682,3029,0.3311468240953318,122,62,0.5081967213114754,1,0.00819672131147541,63,0.5163934426229508,59,0.48360655737704916
-86.156,39.7695,16838,12038,0.7149305143128638,271,0.016094548046086232,12309,0.73102506235895,4529,0.26897493764105,107,49,0.45794392523364486,3,0.028037383177570093,52,0.48598130841121495,55,0.514018691588785
-86.156,39.77,4635,4056,0.8750809061488674,0,0.0,4056,0.8750809061488674,579,0.12491909385113269,39,22,0.5641025641025641,0,0.0,22,0.5641025641025641,17,0.4358974358974359
-86.156,39.7705,3021,2297,0.7603442568685865,7,0.0023171135385633896,2304,0.7626613704071499,717,0.23733862959285004,64,26,0.40625,2,0.03125,28,0.4375,36,0.5625
-86.156,39.771,10980,6021,0.5483606557377049,35,0.0031876138433515485,6056,0.5515482695810564,4924,0.44845173041894354,84,40,0.47619047619047616,2,0.023809523809523808,42,0.5,42,0.5
-86.156,39.7715,6183,4462,0.7216561539705645,74,0.011968300177907164,4536,0.7336244541484717,1647,0.2663755458515284,82,39,0.47560975609756095,2,0.024390243902439025,41,0.5,41,0.5
-86.156,39.772,10541,3277,0.31088132055782186,35,0.0033203680865193054,3312,0.31420168864434117,7229,0.6857983113556588,68,30,0.4411764705882353,2,0.029411764705882353,32,0.47058823529411764,36,0.5294117647058824
-86.156,39.7725,9935,5789,0.5826874685455461,385,0.038751887267237044,6174,0.6214393558127831,3761,0.3785606441872169,139,57,0.41007194244604317,14,0.10071942446043165,71,0.5107913669064749,68,0.4892086330935252
-86.156,39.773,9133,4854,0.5314792510675572,1221,0.13369101062082558,6075,0.6651702616883828,3058,0.3348297383116172,187,83,0.44385026737967914,19,0.10160427807486631,102,0.5454545454545454,85,0.45454545454545453
-86.156,39.7735,5626,2782,0.49448986846782794,1044,0.18556701030927836,3826,0.6800568787771063,1800,0.3199431212228937,95,40,0.42105263157894735,13,0.1368421052631579,53,0.5578947368421052,42,0.4421052631578947
-86.156,39.774,14256,5874,0.41203703703703703,1995,0.13994107744107745,7869,0.5519781144781145,6387,0.44802188552188554,181,51,0.281767955801105,35,0.19337016574585636,86,0.47513812154696133,95,0.5248618784530387
-86.156,39.7745,4448,1705,0.383318345323741,324,0.07284172661870504,2029,0.456160071942446,2419,0.543839928057554,129,49,0.3798449612403101,14,0.10852713178294573,63,0.4883720930232558,66,0.5116279069767442
-86.156,39.775,20612,11685,0.5669027750824762,3568,0.1731030467688725,15253,0.7400058218513488,5359,0.2599941781486513,171,41,0.23976608187134502,51,0.2982456140350877,92,0.5380116959064327,79,0.4619883040935672
-86.156,39.7755,379,112,0.2955145118733509,190,0.5013192612137203,302,0.7968337730870712,77,0.20316622691292877,9,2,0.2222222222222222,4,0.4444444444444444,6,0.6666666666666666,3,0.3333333333333333
-86.156,39.7775,3876,0,0.0,2200,0.5675954592363261,2200,0.5675954592363261,1676,0.4324045407636739,28,0,0.0,15,0.5357142857142857,15,0.5357142857142857,13,0.4642857142857143
-86.1555,39.761,3508,1628,0.4640820980615735,162,0.046180159635119726,1790,0.5102622576966932,1718,0.48973774230330674,180,77,0.42777777777777776,10,0.05555555555555555,87,0.48333333333333334,93,0.5166666666666667
-86.1555,39.765,146,20,0.136986301369863,0,0.0,20,0.136986301369863,126,0.863013698630137,2,1,0.5,0,0.0,1,0.5,1,0.5
-86.1555,39.7655,2494,1528,0.6126704089815558,97,0.03889334402566159,1625,0.6515637530072174,869,0.3484362469927827,62,34,0.5483870967741935,5,0.08064516129032258,39,0.6290322580645161,23,0.3709677419354839
-86.1555,39.7665,2044,1119,0.5474559686888454,31,0.015166340508806261,1150,0.5626223091976517,894,0.43737769080234834,53,27,0.5094339622641509,1,0.018867924528301886,28,0.5283018867924528,25,0.4716981132075472
-86.1555,39.767,6203,3742,0.603256488795744,200,0.032242463324197966,3942,0.635498952119942,2261,0.36450104788005805,91,42,0.46153846153846156,3,0.03296703296703297,45,0.4945054945054945,46,0.5054945054945055
-86.1555,39.768,184,0,0.0,124,0.6739130434782609,124,0.6739130434782609,60,0.32608695652173914,2,0,0.0,1,0.5,1,0.5,1,0.5
-86.1555,39.7685,95,0,0.0,0,0.0,0,0.0,95,1.0,1,0,0.0,0,0.0,0,0.0,1,1.0
-86.1555,39.769,449,159,0.35412026726057905,178,0.39643652561247217,337,0.7505567928730512,112,0.24944320712694878,7,2,0.2857142857142857,2,0.2857142857142857,4,0.5714285714285714,3,0.42857142857142855
-86.1555,39.7695,2892,1802,0.6230982019363762,22,0.007607192254495159,1824,0.6307053941908713,1068,0.36929460580912865,42,25,0.5952380952380952,1,0.023809523809523808,26,0.6190476190476191,16,0.38095238095238093
-86.1555,39.7705,39,39,1.0,0,0.0,39,1.0,0,0.0,1,1,1.0,0,0.0,1,1.0,0,0.0
-86.1555,39.771,12378,1840,0.1486508321215059,32,0.0025852318629827112,1872,0.1512360639844886,10506,0.8487639360155114,48,20,0.4166666666666667,1,0.020833333333333332,21,0.4375,27,0.5625
-86.1555,39.7715,685,377,0.5503649635036496,0,0.0,377,0.5503649635036496,308,0.44963503649635034,5,2,0.4,0,0.0,2,0.4,3,0.6
-86.1555,39.772,822,820,0.9975669099756691,0,0.0,820,0.9975669099756691,2,0.0024330900243309003,4,3,0.75,0,0.0,3,0.75,1,0.25
-86.1555,39.7725,3519,2139,0.6078431372549019,61,0.017334470019892016,2200,0.6251776072747939,1319,0.374822392725206,63,36,0.5714285714285714,2,0.031746031746031744,38,0.6031746031746031,25,0.3968253968253968
-86.1555,39.773,2524,1188,0.4706814580031696,14,0.005546751188589541,1202,0.4762282091917591,1322,0.5237717908082409,36,18,0.5,1,0.027777777777777776,19,0.5277777777777778,17,0.4722222222222222
-86.1555,39.7735,5053,3193,0.6319018404907976,0,0.0,3193,0.6319018404907976,1860,0.36809815950920244,45,24,0.5333333333333333,0,0.0,24,0.5333333333333333,21,0.4666666666666667
-86.1555,39.774,10841,4484,0.4136149801678812,1484,0.1368877409833041,5968,0.5505027211511853,4873,0.4494972788488147,150,37,0.24666666666666667,24,0.16,61,0.4066666666666667,89,0.5933333333333334
-86.1555,39.7745,4124,1014,0.24587778855480116,668,0.16197866149369544,1682,0.4078564500484966,2442,0.5921435499515034,114,34,0.2982456140350877,18,0.15789473684210525,52,0.45614035087719296,62,0.543859649122807
-86.1555,39.775,18787,3293,0.17528077926225583,6256,0.33299622079097246,9549,0.5082770000532283,9238,0.4917229999467717,195,52,0.26666666666666666,43,0.2205128205128205,95,0.48717948717948717,100,0.5128205128205128
-86.1555,39.7755,12496,1471,0.11771766965428937,3380,0.2704865556978233,4851,0.3882042253521127,7645,0.6117957746478874,85,12,0.1411764705882353,29,0.3411764705882353,41,0.4823529411764706,44,0.5176470588235295
-86.1555,39.776,3374,0,0.0,1353,0.4010077059869591,1353,0.4010077059869591,2021,0.5989922940130409,47,0,0.0,26,0.5531914893617021,26,0.5531914893617021,21,0.44680851063829785
-86.1555,39.7765,2411,0,0.0,539,0.22355868934052261,539,0.22355868934052261,1872,0.7764413106594774,62,0,0.0,21,0.3387096774193548,21,0.3387096774193548,41,0.6612903225806451
-86.1555,39.777,1726,0,0.0,367,0.21263035921205098,367,0.21263035921205098,1359,0.787369640787949,36,0,0.0,15,0.4166666666666667,15,0.4166666666666667,21,0.5833333333333334
-86.1555,39.7775,7712,0,0.0,2122,0.27515560165975106,2122,0.27515560165975106,5590,0.7248443983402489,55,0,0.0,29,0.5272727272727272,29,0.5272727272727272,26,0.4727272727272727
-86.1555,39.778,2431,0,0.0,1752,0.7206910736322502,1752,0.7206910736322502,679,0.2793089263677499,22,0,0.0,15,0.6818181818181818,15,0.6818181818181818,7,0.3181818181818182
-86.1555,39.7785,462,0,0.0,303,0.6558441558441559,303,0.6558441558441559,159,0.34415584415584416,21,0,0.0,10,0.47619047619047616,10,0.47619047619047616,11,0.5238095238095238
-86.1555,39.779,453,0,0.0,134,0.2958057395143488,134,0.2958057395143488,319,0.7041942604856513,22,0,0.0,6,0.2727272727272727,6,0.2727272727272727,16,0.7272727272727273
-86.1555,39.7795,447,0,0.0,46,0.1029082774049217,46,0.1029082774049217,401,0.8970917225950783,16,0,0.0,2,0.125,2,0.125,14,0.875
-86.1555,39.78,1598,0,0.0,1,0.0006257822277847309,1,0.0006257822277847309,1597,0.9993742177722152,15,0,0.0,1,0.06666666666666667,1,0.06666666666666667,14,0.9333333333333333
-86.1555,39.7805,1142,0,0.0,197,0.1725043782837128,197,0.1725043782837128,945,0.8274956217162872,15,0,0.0,1,0.06666666666666667,1,0.06666666666666667,14,0.9333333333333333
-86.155,39.761,5372,3173,0.5906552494415488,230,0.04281459419210722,3403,0.633469843633656,1969,0.366530156366344,130,65,0.5,8,0.06153846153846154,73,0.5615384615384615,57,0.43846153846153846
-86.155,39.765,40,0,0.0,0,0.0,0,0.0,40,1.0,1,0,0.0,0,0.0,0,0.0,1,1.0
-86.155,39.7655,3310,1581,0.47764350453172205,317,0.09577039274924472,1898,0.5734138972809668,1412,0.42658610271903324,120,51,0.425,7,0.058333333333333334,58,0.48333333333333334,62,0.5166666666666667
-86.155,39.7665,1427,614,0.43027330063069374,176,0.12333566923615978,790,0.5536089698668535,637,0.44639103013314646,31,20,0.6451612903225806,2,0.06451612903225806,22,0.7096774193548387,9,0.2903225806451613
-86.155,39.767,1706,1088,0.6377491207502931,123,0.07209847596717468,1211,0.7098475967174678,495,0.2901524032825322,27,15,0.5555555555555556,2,0.07407407407407407,17,0.6296296296296297,10,0.37037037037037035
-86.155,39.7675,1,0,0.0,0,0.0,0,0.0,1,1.0,1,0,0.0,0,0.0,0,0.0,1,1.0
-86.155,39.768,447,0,0.0,404,0.9038031319910514,404,0.9038031319910514,43,0.09619686800894854,3,0,0.0,1,0.3333333333333333,1,0.3333333333333333,2,0.6666666666666666
-86.155,39.7695,1807,1066,0.5899280575539568,11,0.006087437742114001,1077,0.5960154952960708,730,0.40398450470392916,51,25,0.49019607843137253,1,0.0196078431372549,26,0.5098039215686274,25,0.49019607843137253
-86.155,39.771,6781,895,0.1319864326795458,72,0.010617902964164578,967,0.14260433564371036,5814,0.8573956643562897,46,12,0.2608695652173913,3,0.06521739130434782,15,0.32608695652173914,31,0.6739130434782609
-86.155,39.772,123,123,1.0,0,0.0,123,1.0,0,0.0,1,1,1.0,0,0.0,1,1.0,0,0.0
-86.155,39.7725,1874,1091,0.5821771611526148,48,0.025613660618996798,1139,0.6077908217716116,735,0.39220917822838847,66,34,0.5151515151515151,1,0.015151515151515152,35,0.5303030303030303,31,0.4696969696969697
-86.155,39.7735,542,21,0.03874538745387454,0,0.0,21,0.03874538745387454,521,0.9612546125461254,7,1,0.14285714285714285,0,0.0,1,0.14285714285714285,6,0.8571428571428571
-86.155,39.774,788,19,0.024111675126903553,26,0.03299492385786802,45,0.05710659898477158,743,0.9428934010152284,44,3,0.06818181818181818,3,0.06818181818181818,6,0.13636363636363635,38,0.8636363636363636
-86.155,39.7745,6,0,0.0,0,0.0,0,0.0,6,1.0,2,0,0.0,0,0.0,0,0.0,2,1.0
-86.155,39.775,15350,36,0.0023452768729641696,4905,0.3195439739413681,4941,0.32188925081433223,10409,0.6781107491856677,59,3,0.05084745762711865,16,0.2711864406779661,19,0.3220338983050847,40,0.6779661016949152
-86.155,39.7755,1072,0,0.0,141,0.13152985074626866,141,0.13152985074626866,931,0.8684701492537313,5,0,0.0,2,0.4,2,0.4,3,0.6
-86.155,39.7765,92,0,0.0,33,0.358695652173913,33,0.358695652173913,59,0.6413043478260869,3,0,0.0,1,0.3333333333333333,1,0.3333333333333333,2,0.6666666666666666
-86.155,39.7775,2679,0,0.0,485,0.18103770063456515,485,0.18103770063456515,2194,0.8189622993654349,16,0,0.0,7,0.4375,7,0.4375,9,0.5625
-86.155,39.778,1,0,0.0,1,1.0,1,1.0,0,0.0,1,0,0.0,1,1.0,1,1.0,0,0.0
-86.155,39.78,109,0,0.0,0,0.0,0,0.0,109,1.0,1,0,0.0,0,0.0,0,0.0,1,1.0
-86.155,39.7805,33,0,0.0,0,0.0,0,0.0,33,1.0,2,0,0.0,0,0.0,0,0.0,2,1.0
-86.1545,39.761,11208,5836,0.520699500356888,1113,0.09930406852248394,6949,0.6200035688793719,4259,0.37999643112062814,126,50,0.3968253968253968,17,0.1349206349206349,67,0.5317460317460317,59,0.46825396825396826
-86.1545,39.7615,1185,783,0.660759493670886,0,0.0,783,0.660759493670886,402,0.3392405063291139,21,13,0.6190476190476191,0,0.0,13,0.6190476190476191,8,0.38095238095238093
-86.1545,39.762,1116,475,0.42562724014336917,0,0.0,475,0.42562724014336917,641,0.5743727598566308,66,29,0.4393939393939394,0,0.0,29,0.4393939393939394,37,0.5606060606060606
-86.1545,39.7625,1670,898,0.5377245508982036,0,0.0,898,0.5377245508982036,772,0.4622754491017964,25,11,0.44,0,0.0,11,0.44,14,0.56
-86.1545,39.763,1123,546,0.48619768477292963,0,0.0,546,0.48619768477292963,577,0.5138023152270703,20,9,0.45,0,0.0,9,0.45,11,0.55
-86.1545,39.7635,1045,274,0.26220095693779905,0,0.0,274,0.26220095693779905,771,0.737799043062201,55,12,0.21818181818181817,0,0.0,12,0.21818181818181817,43,0.7818181818181819
-86.1545,39.764,1200,1,0.0008333333333333334,31,0.025833333333333333,32,0.026666666666666665,1168,0.9733333333333334,24,1,0.041666666666666664,1,0.041666666666666664,2,0.08333333333333333,22,0.9166666666666666
-86.1545,39.7645,4926,2369,0.4809175801867641,25,0.005075111652456354,2394,0.48599269183922045,2532,0.5140073081607796,38,11,0.2894736842105263,1,0.02631578947368421,12,0.3157894736842105,26,0.6842105263157895
-86.1545,39.765,6594,4686,0.7106460418562329,0,0.0,4686,0.7106460418562329,1908,0.2893539581437671,83,37,0.4457831325301205,0,0.0,37,0.4457831325301205,46,0.5542168674698795
-86.1545,39.7655,15402,9175,0.5957018569017011,473,0.030710297363978706,9648,0.6264121542656798,5754,0.37358784573432025,117,53,0.452991452991453,8,0.06837606837606838,61,0.5213675213675214,56,0.47863247863247865
-86.1545,39.766,15634,9501,0.6077139567609057,31,0.001982857873864654,9532,0.6096968146347703,6102,0.3903031853652296,143,66,0.46153846153846156,1,0.006993006993006993,67,0.46853146853146854,76,0.5314685314685315
-86.1545,39.7665,11684,6703,0.5736905169462513,558,0.04775761725436494,7261,0.6214481342006162,4423,0.37855186579938377,174,89,0.5114942528735632,7,0.040229885057471264,96,0.5517241379310345,78,0.4482758620689655
-86.1545,39.767,8719,5619,0.644454639293497,34,0.0038995297625874525,5653,0.6483541690560845,3066,0.3516458309439156,89,53,0.5955056179775281,1,0.011235955056179775,54,0.6067415730337079,35,0.39325842696629215
-86.1545,39.7675,1445,289,0.2,0,0.0,289,0.2,1156,0.8,27,10,0.37037037037037035,0,0.0,10,0.37037037037037035,17,0.6296296296296297
-86.1545,39.768,256,8,0.03125,0,0.0,8,0.03125,248,0.96875,5,1,0.2,0,0.0,1,0.2,4,0.8
-86.1545,39.7685,45,19,0.4222222222222222,0,0.0,19,0.4222222222222222,26,0.5777777777777777,3,1,0.3333333333333333,0,0.0,1,0.3333333333333333,2,0.6666666666666666
-86.1545,39.769,60,56,0.9333333333333333,0,0.0,56,0.9333333333333333,4,0.06666666666666667,5,3,0.6,0,0.0,3,0.6,2,0.4
-86.1545,39.7695,3953,2707,0.6847963571970656,162,0.0409815330129016,2869,0.7257778902099672,1084,0.27422210979003286,83,39,0.46987951807228917,3,0.03614457831325301,42,0.5060240963855421,41,0.4939759036144578
-86.1545,39.7705,3,3,1.0,0,0.0,3,1.0,0,0.0,1,1,1.0,0,0.0,1,1.0,0,0.0
-86.1545,39.771,10115,448,0.044290657439446365,1084,0.10716757291151754,1532,0.1514582303509639,8583,0.848541769649036,75,10,0.13333333333333333,6,0.08,16,0.21333333333333335,59,0.7866666666666666
-86.1545,39.772,30,30,1.0,0,0.0,30,1.0,0,0.0,2,2,1.0,0,0.0,2,1.0,0,0.0
-86.1545,39.7725,3320,1889,0.5689759036144578,62,0.018674698795180723,1951,0.5876506024096385,1369,0.41234939759036143,24,12,0.5,1,0.041666666666666664,13,0.5416666666666666,11,0.4583333333333333
-86.1545,39.7735,481,150,0.31185031185031187,0,0.0,150,0.31185031185031187,331,0.6881496881496881,4,1,0.25,0,0.0,1,0.25,3,0.75
-86.1545,39.774,718,28,0.03899721448467967,43,0.05988857938718663,71,0.0988857938718663,647,0.9011142061281338,21,2,0.09523809523809523,2,0.09523809523809523,4,0.19047619047619047,17,0.8095238095238095
-86.1545,39.7745,37,1,0.02702702702702703,0,0.0,1,0.02702702702702703,36,0.972972972972973,3,1,0.3333333333333333,0,0.0,1,0.3333333333333333,2,0.6666666666666666
-86.1545,39.775,6544,3,0.0004584352078239609,2155,0.3293092909535452,2158,0.3297677261613692,4386,0.6702322738386308,46,1,0.021739130434782608,15,0.32608695652173914,16,0.34782608695652173,30,0.6521739130434783
-86.1545,39.7755,1441,0,0.0,591,0.41013185287994447,591,0.41013185287994447,850,0.5898681471200555,3,0,0.0,2,0.6666666666666666,2,0.6666666666666666,1,0.3333333333333333
-86.1545,39.7765,87,0,0.0,0,0.0,0,0.0,87,1.0,4,0,0.0,0,0.0,0,0.0,4,1.0
-86.1545,39.7775,3363,0,0.0,241,0.07166220636336604,241,0.07166220636336604,3122,0.9283377936366339,26,0,0.0,10,0.38461538461538464,10,0.38461538461538464,16,0.6153846153846154
-86.1545,39.778,1,0,0.0,1,1.0,1,1.0,0,0.0,1,0,0.0,1,1.0,1,1.0,0,0.0
-86.1545,39.78,92,0,0.0,0,0.0,0,0.0,92,1.0,1,0,0.0,0,0.0,0,0.0,1,1.0
-86.1545,39.7805,77,0,0.0,0,0.0,0,0.0,77,1.0,2,0,0.0,0,0.0,0,0.0,2,1.0
-86.154,39.761,4157,2198,0.5287466923261968,135,0.032475342795285064,2333,0.5612220351214818,1824,0.43877796487851817,39,15,0.38461538461538464,2,0.05128205128205128,17,0.4358974358974359,22,0.5641025641025641
-86.154,39.7635,4,0,0.0,0,0.0,0,0.0,4,1.0,1,0,0.0,0,0.0,0,0.0,1,1.0
-86.154,39.764,47,0,0.0,0,0.0,0,0.0,47,1.0,1,0,0.0,0,0.0,0,0.0,1,1.0
-86.154,39.7645,28,18,0.6428571428571429,0,0.0,18,0.6428571428571429,10,0.35714285714285715,2,1,0.5,0,0.0,1,0.5,1,0.5
-86.154,39.765,749,425,0.5674232309746329,5,0.006675567423230975,430,0.5740987983978638,319,0.4259012016021362,12,5,0.4166666666666667,1,0.08333333333333333,6,0.5,6,0.5
-86.154,39.7655,803,524,0.6525529265255293,146,0.18181818181818182,670,0.8343711083437111,133,0.1656288916562889,28,12,0.42857142857142855,9,0.32142857142857145,21,0.75,7,0.25
-86.154,39.766,121,40,0.3305785123966942,0,0.0,40,0.3305785123966942,81,0.6694214876033058,4,2,0.5,0,0.0,2,0.5,2,0.5
-86.154,39.7665,5177,3744,0.723198763762797,0,0.0,3744,0.723198763762797,1433,0.27680123623720304,54,31,0.5740740740740741,0,0.0,31,0.5740740740740741,23,0.42592592592592593
-86.154,39.767,25444,9231,0.36279673007388774,0,0.0,9231,0.36279673007388774,16213,0.6372032699261122,137,67,0.48905109489051096,0,0.0,67,0.48905109489051096,70,0.5109489051094891
-86.154,39.7675,5300,1678,0.31660377358490566,16,0.0030188679245283017,1694,0.319622641509434,3606,0.680377358490566,202,66,0.32673267326732675,1,0.0049504950495049506,67,0.3316831683168317,135,0.6683168316831684
-86.154,39.768,6306,781,0.12385030130034888,153,0.024262607040913417,934,0.14811290834126228,5372,0.8518870916587377,88,27,0.3068181818181818,2,0.022727272727272728,29,0.32954545454545453,59,0.6704545454545454
-86.154,39.7685,7759,1759,0.22670447222580228,76,0.009795076685139837,1835,0.23649954891094213,5924,0.7635004510890578,87,29,0.3333333333333333,1,0.011494252873563218,30,0.3448275862068966,57,0.6551724137931034
-86.154,39.769,9885,4002,0.404855842185129,58,0.0058674759736975215,4060,0.4107233181588265,5825,0.5892766818411735,226,59,0.2610619469026549,2,0.008849557522123894,61,0.26991150442477874,165,0.7300884955752213
-86.154,39.7695,36574,20630,0.5640619018975228,860,0.023513971673866683,21490,0.5875758735713895,15084,0.4124241264286105,184,86,0.4673913043478261,7,0.03804347826086957,93,0.5054347826086957,91,0.4945652173913043
-86.154,39.77,6623,3824,0.5773818511248678,508,0.0767024007247471,4332,0.6540842518496149,2291,0.345915748150385,91,46,0.5054945054945055,3,0.03296703296703297,49,0.5384615384615384,42,0.46153846153846156
-86.154,39.7705,8157,4163,0.510359200686527,490,0.06007110457275959,4653,0.5704303052592865,3504,0.4295696947407135,248,109,0.43951612903225806,16,0.06451612903225806,125,0.5040322580645161,123,0.4959677419354839
-86.154,39.771,12239,4362,0.35640166680284335,1291,0.1054824740583381,5653,0.46188414086118146,6586,0.5381158591388185,171,61,0.3567251461988304,6,0.03508771929824561,67,0.391812865497076,104,0.6081871345029239
-86.154,39.7715,3686,1551,0.4207813347802496,179,0.04856212696690179,1730,0.46934346174715136,1956,0.5306565382528486,103,46,0.44660194174757284,3,0.02912621359223301,49,0.47572815533980584,54,0.5242718446601942
-86.154,39.772,10181,8606,0.845300068755525,171,0.016795992535114428,8777,0.8620960612906394,1404,0.13790393870936057,137,59,0.4306569343065693,5,0.0364963503649635,64,0.46715328467153283,73,0.5328467153284672
-86.154,39.7725,11971,7495,0.6260963996324451,510,0.04260295714643722,8005,0.6686993567788824,3966,0.3313006432211177,103,53,0.5145631067961165,4,0.038834951456310676,57,0.5533980582524272,46,0.44660194174757284
-86.154,39.773,7482,6180,0.8259823576583801,105,0.014033680834001604,6285,0.8400160384923817,1197,0.1599839615076183,75,43,0.5733333333333334,2,0.02666666666666667,45,0.6,30,0.4
-86.154,39.7735,8158,3643,0.4465555283157637,706,0.08654081882814416,4349,0.5330963471439079,3809,0.4669036528560922,162,64,0.3950617283950617,12,0.07407407407407407,76,0.4691358024691358,86,0.5308641975308642
-86.154,39.774,6199,1433,0.2311663171479271,296,0.04774963703823197,1729,0.27891595418615905,4470,0.7210840458138409,78,25,0.32051282051282054,8,0.10256410256410256,33,0.4230769230769231,45,0.5769230769230769
-86.154,39.7745,6818,3311,0.4856262833675565,427,0.06262833675564682,3738,0.5482546201232033,3080,0.4517453798767967,54,20,0.37037037037037035,4,0.07407407407407407,24,0.4444444444444444,30,0.5555555555555556
-86.154,39.775,10382,918,0.08842226931227123,2575,0.2480254286264689,3493,0.33644769793874013,6889,0.6635523020612599,179,22,0.12290502793296089,42,0.2346368715083799,64,0.3575418994413408,115,0.6424581005586593
-86.154,39.7755,1641,0,0.0,762,0.4643510054844607,762,0.4643510054844607,879,0.5356489945155393,37,0,0.0,13,0.35135135135135137,13,0.35135135135135137,24,0.6486486486486487
-86.154,39.776,1118,0,0.0,52,0.046511627906976744,52,0.046511627906976744,1066,0.9534883720930233,19,0,0.0,3,0.15789473684210525,3,0.15789473684210525,16,0.8421052631578947
-86.154,39.7765,3191,0,0.0,36,0.011281729865246004,36,0.011281729865246004,3155,0.988718270134754,18,0,0.0,2,0.1111111111111111,2,0.1111111111111111,16,0.8888888888888888
-86.154,39.777,651,0,0.0,62,0.09523809523809523,62,0.09523809523809523,589,0.9047619047619048,12,0,0.0,2,0.16666666666666666,2,0.16666666666666666,10,0.8333333333333334
-86.154,39.7775,2483,0,0.0,1051,0.42327829238824005,1051,0.42327829238824005,1432,0.57672170761176,46,0,0.0,15,0.32608695652173914,15,0.32608695652173914,31,0.6739130434782609
-86.154,39.778,436,0,0.0,106,0.24311926605504589,106,0.24311926605504589,330,0.7568807339449541,20,0,0.0,5,0.25,5,0.25,15,0.75
-86.154,39.7785,417,0,0.0,40,0.09592326139088729,40,0.09592326139088729,377,0.9040767386091128,13,0,0.0,1,0.07692307692307693,1,0.07692307692307693,12,0.9230769230769231
-86.154,39.779,358,0,0.0,40,0.11173184357541899,40,0.11173184357541899,318,0.888268156424581,10,0,0.0,1,0.1,1,0.1,9,0.9
-86.154,39.7795,731,0,0.0,429,0.5868673050615595,429,0.5868673050615595,302,0.4131326949384405,11,0,0.0,4,0.36363636363636365,4,0.36363636363636365,7,0.6363636363636364
-86.154,39.78,203,0,0.0,20,0.09852216748768473,20,0.09852216748768473,183,0.9014778325123153,5,0,0.0,1,0.2,1,0.2,4,0.8
-86.154,39.7805,224,0,0.0,39,0.17410714285714285,39,0.17410714285714285,185,0.8258928571428571,10,0,0.0,3,0.3,3,0.3,7,0.7
-86.1535,39.761,881,232,0.2633371169125993,67,0.07604994324631101,299,0.3393870601589103,582,0.6606129398410897,48,10,0.20833333333333334,4,0.08333333333333333,14,0.2916666666666667,34,0.7083333333333334
-86.1535,39.7645,126,1,0.007936507936507936,50,0.3968253968253968,51,0.40476190476190477,75,0.5952380952380952,5,1,0.2,1,0.2,2,0.4,3,0.6
-86.1535,39.765,434,71,0.16359447004608296,10,0.02304147465437788,81,0.18663594470046085,353,0.8133640552995391,7,3,0.42857142857142855,1,0.14285714285714285,4,0.5714285714285714,3,0.42857142857142855
-86.1535,39.7655,741,467,0.6302294197031039,80,0.10796221322537113,547,0.738191632928475,194,0.26180836707152494,24,9,0.375,4,0.16666666666666666,13,0.5416666666666666,11,0.4583333333333333
-86.1535,39.7665,4696,4120,0.8773424190800682,0,0.0,4120,0.8773424190800682,576,0.12265758091993186,78,41,0.5256410256410257,0,0.0,41,0.5256410256410257,37,0.47435897435897434
-86.1535,39.767,4758,1839,0.3865069356872636,0,0.0,1839,0.3865069356872636,2919,0.6134930643127364,126,45,0.35714285714285715,0,0.0,45,0.35714285714285715,81,0.6428571428571429
-86.1535,39.7695,4791,3070,0.6407848048424128,472,0.09851805468586934,3542,0.7393028595282822,1249,0.2606971404717178,124,53,0.4274193548387097,20,0.16129032258064516,73,0.5887096774193549,51,0.4112903225806452
-86.1535,39.77,2,0,0.0,2,1.0,2,1.0,0,0.0,1,0,0.0,1,1.0,1,1.0,0,0.0
-86.1535,39.771,3804,1014,0.2665615141955836,512,0.13459516298633017,1526,0.4011566771819138,2278,0.5988433228180863,215,57,0.2651162790697674,24,0.11162790697674418,81,0.3767441860465116,134,0.6232558139534884
-86.1535,39.772,10,10,1.0,0,0.0,10,1.0,0,0.0,1,1,1.0,0,0.0,1,1.0,0,0.0
-86.1535,39.7725,3686,3149,0.8543136190992946,0,0.0,3149,0.8543136190992946,537,0.14568638090070538,30,12,0.4,0,0.0,12,0.4,18,0.6
-86.1535,39.7735,161,0,0.0,0,0.0,0,0.0,161,1.0,10,0,0.0,0,0.0,0,0.0,10,1.0
-86.1535,39.774,1704,0,0.0,28,0.01643192488262911,28,0.01643192488262911,1676,0.9835680751173709,18,0,0.0,1,0.05555555555555555,1,0.05555555555555555,17,0.9444444444444444
-86.1535,39.7745,43,0,0.0,17,0.3953488372093023,17,0.3953488372093023,26,0.6046511627906976,2,0,0.0,1,0.5,1,0.5,1,0.5
-86.1535,39.775,2846,0,0.0,1424,0.500351370344343,1424,0.500351370344343,1422,0.49964862965565704,25,0,0.0,14,0.56,14,0.56,11,0.44
-86.1535,39.7765,78,0,0.0,28,0.358974358974359,28,0.358974358974359,50,0.6410256410256411,5,0,0.0,1,0.2,1,0.2,4,0.8
-86.1535,39.777,113,0,0.0,47,0.415929203539823,47,0.415929203539823,66,0.584070796460177,4,0,0.0,2,0.5,2,0.5,2,0.5
-86.1535,39.7775,6889,0,0.0,964,0.13993322688343737,964,0.13993322688343737,5925,0.8600667731165627,53,0,0.0,13,0.24528301886792453,13,0.24528301886792453,40,0.7547169811320755
-86.1535,39.7785,45,0,0.0,0,0.0,0,0.0,45,1.0,1,0,0.0,0,0.0,0,0.0,1,1.0
-86.1535,39.779,61,0,0.0,0,0.0,0,0.0,61,1.0,2,0,0.0,0,0.0,0,0.0,2,1.0
-86.1535,39.7795,151,0,0.0,74,0.4900662251655629,74,0.4900662251655629,77,0.5099337748344371,6,0,0.0,3,0.5,3,0.5,3,0.5
-86.1535,39.78,308,0,0.0,182,0.5909090909090909,182,0.5909090909090909,126,0.4090909090909091,8,0,0.0,4,0.5,4,0.5,4,0.5
-86.1535,39.7805,510,0,0.0,228,0.4470588235294118,228,0.4470588235294118,282,0.5529411764705883,8,0,0.0,3,0.375,3,0.375,5,0.625
-86.153,39.761,885,339,0.38305084745762713,97,0.1096045197740113,436,0.49265536723163844,449,0.5073446327683616,26,9,0.34615384615384615,2,0.07692307692307693,11,0.4230769230769231,15,0.5769230769230769
-86.153,39.764,285,0,0.0,29,0.10175438596491228,29,0.10175438596491228,256,0.8982456140350877,7,0,0.0,1,0.14285714285714285,1,0.14285714285714285,6,0.8571428571428571
-86.153,39.7645,98,0,0.0,25,0.25510204081632654,25,0.25510204081632654,73,0.7448979591836735,3,0,0.0,1,0.3333333333333333,1,0.3333333333333333,2,0.6666666666666666
-86.153,39.765,527,6,0.011385199240986717,0,0.0,6,0.011385199240986717,521,0.9886148007590133,4,1,0.25,0,0.0,1,0.25,3,0.75
-86.153,39.7655,977,381,0.38996929375639716,41,0.04196519959058342,422,0.4319344933469806,555,0.5680655066530195,16,4,0.25,1,0.0625,5,0.3125,11,0.6875
-86.153,39.7665,6071,5131,0.8451655410970186,0,0.0,5131,0.8451655410970186,940,0.1548344589029814,60,28,0.4666666666666667,0,0.0,28,0.4666666666666667,32,0.5333333333333333
-86.153,39.767,4386,3093,0.7051983584131327,55,0.012539899680802553,3148,0.7177382580939353,1238,0.28226174190606473,73,29,0.3972602739726027,2,0.0273972602739726,31,0.4246575342465753,42,0.5753424657534246
-86.153,39.7685,1,1,1.0,0,0.0,1,1.0,0,0.0,1,1,1.0,0,0.0,1,1.0,0,0.0
-86.153,39.7695,2498,1330,0.5324259407526021,529,0.21176941553242595,1859,0.7441953562850281,639,0.25580464371497197,50,16,0.32,7,0.14,23,0.46,27,0.54
-86.153,39.77,1,0,0.0,1,1.0,1,1.0,0,0.0,1,0,0.0,1,1.0,1,1.0,0,0.0
-86.153,39.7705,2,0,0.0,2,1.0,2,1.0,0,0.0,1,0,0.0,1,1.0,1,1.0,0,0.0
-86.153,39.771,4512,2320,0.5141843971631206,582,0.12898936170212766,2902,0.6431737588652482,1610,0.35682624113475175,82,26,0.3170731707317073,4,0.04878048780487805,30,0.36585365853658536,52,0.6341463414634146
-86.153,39.7725,3777,2975,0.7876621657400052,0,0.0,2975,0.7876621657400052,802,0.2123378342599947,34,12,0.35294117647058826,0,0.0,12,0.35294117647058826,22,0.6470588235294118
-86.153,39.7735,2242,0,0.0,0,0.0,0,0.0,2242,1.0,10,0,0.0,0,0.0,0,0.0,10,1.0
-86.153,39.774,482,0,0.0,79,0.16390041493775934,79,0.16390041493775934,403,0.8360995850622407,11,0,0.0,1,0.09090909090909091,1,0.09090909090909091,10,0.9090909090909091
-86.153,39.7745,28,0,0.0,0,0.0,0,0.0,28,1.0,2,0,0.0,0,0.0,0,0.0,2,1.0
-86.153,39.775,6444,25,0.0038795779019242705,3847,0.5969894475481068,3872,0.6008690254500311,2572,0.399130974549969,50,4,0.08,20,0.4,24,0.48,26,0.52
-86.153,39.777,1,0,0.0,0,0.0,0,0.0,1,1.0,1,0,0.0,0,0.0,0,0.0,1,1.0
-86.153,39.7775,2098,0,0.0,802,0.3822688274547188,802,0.3822688274547188,1296,0.6177311725452812,34,0,0.0,15,0.4411764705882353,15,0.4411764705882353,19,0.5588235294117647
-86.153,39.778,1,0,0.0,0,0.0,0,0.0,1,1.0,1,0,0.0,0,0.0,0,0.0,1,1.0
-86.1525,39.761,1584,1004,0.6338383838383839,102,0.06439393939393939,1106,0.6982323232323233,478,0.30176767676767674,23,9,0.391304347826087,2,0.08695652173913043,11,0.4782608695652174,12,0.5217391304347826
-86.1525,39.7615,132,20,0.15151515151515152,0,0.0,20,0.15151515151515152,112,0.8484848484848485,6,2,0.3333333333333333,0,0.0,2,0.3333333333333333,4,0.6666666666666666
-86.1525,39.762,111,0,0.0,0,0.0,0,0.0,111,1.0,1,0,0.0,0,0.0,0,0.0,1,1.0
-86.1525,39.7625,151,0,0.0,0,0.0,0,0.0,151,1.0,1,0,0.0,0,0.0,0,0.0,1,1.0
-86.1525,39.7635,87,0,0.0,16,0.1839080459770115,16,0.1839080459770115,71,0.8160919540229885,4,0,0.0,1,0.25,1,0.25,3,0.75
-86.1525,39.764,838,0,0.0,34,0.0405727923627685,34,0.0405727923627685,804,0.9594272076372315,11,0,0.0,1,0.09090909090909091,1,0.09090909090909091,10,0.9090909090909091
-86.1525,39.7645,485,0,0.0,0,0.0,0,0.0,485,1.0,14,0,0.0,0,0.0,0,0.0,14,1.0
-86.1525,39.765,638,0,0.0,0,0.0,0,0.0,638,1.0,9,0,0.0,0,0.0,0,0.0,9,1.0
-86.1525,39.7655,16176,3409,0.21074431256181997,212,0.013105835806132542,3621,0.2238501483679525,12555,0.7761498516320475,127,24,0.1889763779527559,4,0.031496062992125984,28,0.2204724409448819,99,0.7795275590551181
-86.1525,39.766,2220,1206,0.5432432432432432,0,0.0,1206,0.5432432432432432,1014,0.45675675675675675,81,36,0.4444444444444444,0,0.0,36,0.4444444444444444,45,0.5555555555555556
-86.1525,39.7665,11087,7798,0.7033462613872102,0,0.0,7798,0.7033462613872102,3289,0.29665373861278976,93,44,0.4731182795698925,0,0.0,44,0.4731182795698925,49,0.5268817204301075
-86.1525,39.767,16922,7731,0.45686089114761846,346,0.020446755702635624,8077,0.47730764685025406,8845,0.5226923531497459,218,89,0.40825688073394495,4,0.01834862385321101,93,0.42660550458715596,125,0.573394495412844
-86.1525,39.7675,5929,2461,0.41507842806544104,161,0.02715466351829988,2622,0.4422330915837409,3307,0.5577669084162591,163,59,0.3619631901840491,4,0.024539877300613498,63,0.38650306748466257,100,0.6134969325153374
-86.1525,39.768,6917,3244,0.468989446291745,27,0.003903426340899234,3271,0.47289287263264423,3646,0.5271071273673558,112,59,0.5267857142857143,1,0.008928571428571428,60,0.5357142857142857,52,0.4642857142857143
-86.1525,39.7685,19168,5723,0.29857053422370616,0,0.0,5723,0.29857053422370616,13445,0.7014294657762938,168,74,0.44047619047619047,0,0.0,74,0.44047619047619047,94,0.5595238095238095
-86.1525,39.769,5671,2999,0.5288308940222183,0,0.0,2999,0.5288308940222183,2672,0.4711691059777817,153,60,0.39215686274509803,0,0.0,60,0.39215686274509803,93,0.6078431372549019
-86.1525,39.7695,20758,12728,0.613161190866172,2915,0.1404277868773485,15643,0.7535889777435205,5115,0.24641102225647943,212,83,0.3915094339622642,35,0.1650943396226415,118,0.5566037735849056,94,0.44339622641509435
-86.1525,39.77,13464,5681,0.4219399881164587,1813,0.13465537730243612,7494,0.5565953654188949,5970,0.4434046345811052,255,93,0.36470588235294116,25,0.09803921568627451,118,0.4627450980392157,137,0.5372549019607843
-86.1525,39.7705,8427,3609,0.42826628693485225,1405,0.1667259997626676,5014,0.5949922866975199,3413,0.40500771330248014,138,40,0.2898550724637681,11,0.07971014492753623,51,0.3695652173913043,87,0.6304347826086957
-86.1525,39.771,24449,9032,0.36942206225203483,1934,0.0791034398134893,10966,0.4485255020655241,13483,0.5514744979344759,162,51,0.3148148148148148,16,0.09876543209876543,67,0.41358024691358025,95,0.5864197530864198
-86.1525,39.7715,2487,776,0.3120225170888621,466,0.18737434660233213,1242,0.4993968636911942,1245,0.5006031363088058,117,34,0.2905982905982906,21,0.1794871794871795,55,0.4700854700854701,62,0.5299145299145299
-86.1525,39.772,1282,474,0.36973478939157567,270,0.21060842433697347,744,0.5803432137285491,538,0.41965678627145087,39,11,0.28205128205128205,9,0.23076923076923078,20,0.5128205128205128,19,0.48717948717948717
-86.1525,39.7725,4811,1977,0.4109332779048015,1033,0.21471627520266057,3010,0.6256495531074621,1801,0.37435044689253794,67,17,0.2537313432835821,12,0.1791044776119403,29,0.43283582089552236,38,0.5671641791044776
-86.1525,39.773,179,0,0.0,0,0.0,0,0.0,179,1.0,8,0,0.0,0,0.0,0,0.0,8,1.0
-86.1525,39.7735,5789,0,0.0,0,0.0,0,0.0,5789,1.0,18,0,0.0,0,0.0,0,0.0,18,1.0
-86.1525,39.774,328,0,0.0,0,0.0,0,0.0,328,1.0,4,0,0.0,0,0.0,0,0.0,4,1.0
-86.1525,39.7745,56,0,0.0,0,0.0,0,0.0,56,1.0,3,0,0.0,0,0.0,0,0.0,3,1.0
-86.1525,39.775,3765,895,0.23771580345285526,640,0.1699867197875166,1535,0.4077025232403718,2230,0.5922974767596282,61,18,0.29508196721311475,9,0.14754098360655737,27,0.4426229508196721,34,0.5573770491803278
-86.1525,39.777,55,0,0.0,55,1.0,55,1.0,0,0.0,1,0,0.0,1,1.0,1,1.0,0,0.0
-86.1525,39.7775,2793,0,0.0,532,0.19047619047619047,532,0.19047619047619047,2261,0.8095238095238095,25,0,0.0,8,0.32,8,0.32,17,0.68
-86.152,39.761,798,253,0.31704260651629074,112,0.14035087719298245,365,0.4573934837092732,433,0.5426065162907269,22,7,0.3181818181818182,3,0.13636363636363635,10,0.45454545454545453,12,0.5454545454545454
-86.152,39.7625,76,0,0.0,0,0.0,0,0.0,76,1.0,1,0,0.0,0,0.0,0,0.0,1,1.0
-86.152,39.763,37,0,0.0,4,0.10810810810810811,4,0.10810810810810811,33,0.8918918918918919,2,0,0.0,1,0.5,1,0.5,1,0.5
-86.152,39.7635,235,0,0.0,40,0.1702127659574468,40,0.1702127659574468,195,0.8297872340425532,4,0,0.0,1,0.25,1,0.25,3,0.75
-86.152,39.764,13,0,0.0,0,0.0,0,0.0,13,1.0,1,0,0.0,0,0.0,0,0.0,1,1.0
-86.152,39.7645,13,0,0.0,0,0.0,0,0.0,13,1.0,1,0,0.0,0,0.0,0,0.0,1,1.0
-86.152,39.765,2,0,0.0,0,0.0,0,0.0,2,1.0,1,0,0.0,0,0.0,0,0.0,1,1.0
-86.152,39.7655,1892,101,0.05338266384778013,167,0.08826638477801269,268,0.1416490486257928,1624,0.8583509513742071,40,4,0.1,5,0.125,9,0.225,31,0.775
-86.152,39.766,267,21,0.07865168539325842,25,0.09363295880149813,46,0.17228464419475656,221,0.8277153558052435,30,2,0.06666666666666667,3,0.1,5,0.16666666666666666,25,0.8333333333333334
-86.152,39.7665,3304,2443,0.739406779661017,0,0.0,2443,0.739406779661017,861,0.2605932203389831,16,12,0.75,0,0.0,12,0.75,4,0.25
-86.152,39.767,437,295,0.6750572082379863,83,0.18993135011441648,378,0.8649885583524028,59,0.13501144164759726,15,6,0.4,4,0.26666666666666666,10,0.6666666666666666,5,0.3333333333333333
-86.152,39.768,853,142,0.16647127784290738,108,0.12661195779601406,250,0.29308323563892147,603,0.7069167643610785,8,2,0.25,1,0.125,3,0.375,5,0.625
-86.152,39.769,11,1,0.09090909090909091,0,0.0,1,0.09090909090909091,10,0.9090909090909091,2,1,0.5,0,0.0,1,0.5,1,0.5
-86.152,39.7695,11587,9026,0.7789764391127988,1804,0.15569172348321395,10830,0.9346681625960127,757,0.06533183740398722,44,25,0.5681818181818182,10,0.22727272727272727,35,0.7954545454545454,9,0.20454545454545456
-86.152,39.77,5,5,1.0,0,0.0,5,1.0,0,0.0,1,1,1.0,0,0.0,1,1.0,0,0.0
-86.152,39.7705,9,0,0.0,9,1.0,9,1.0,0,0.0,1,0,0.0,1,1.0,1,1.0,0,0.0
-86.152,39.771,5500,4732,0.8603636363636363,152,0.027636363636363636,4884,0.888,616,0.112,58,32,0.5517241379310345,3,0.05172413793103448,35,0.603448275862069,23,0.39655172413793105
-86.152,39.7715,4373,3561,0.8143151154813629,272,0.06219986279442031,3833,0.8765149782757833,540,0.12348502172421678,121,54,0.4462809917355372,14,0.11570247933884298,68,0.5619834710743802,53,0.4380165289256198
-86.152,39.772,3400,1538,0.45235294117647057,454,0.13352941176470587,1992,0.5858823529411764,1408,0.41411764705882353,78,26,0.3333333333333333,15,0.19230769230769232,41,0.5256410256410257,37,0.47435897435897434
-86.152,39.7725,11384,2924,0.2568517217146873,3885,0.341268446943078,6809,0.5981201686577653,4575,0.4018798313422347,149,32,0.21476510067114093,35,0.2348993288590604,67,0.44966442953020136,82,0.5503355704697986
-86.152,39.773,3914,47,0.01200817577925396,234,0.05978538579458355,281,0.07179356157383751,3633,0.9282064384261625,131,5,0.03816793893129771,8,0.061068702290076333,13,0.09923664122137404,118,0.9007633587786259
-86.152,39.7735,9152,125,0.013658216783216784,576,0.06293706293706294,701,0.07659527972027973,8451,0.9234047202797203,87,11,0.12643678160919541,7,0.08045977011494253,18,0.20689655172413793,69,0.7931034482758621
-86.152,39.774,12517,127,0.010146201166413677,1197,0.09562994327714308,1324,0.10577614444355676,11193,0.8942238555564432,98,9,0.09183673469387756,9,0.09183673469387756,18,0.1836734693877551,80,0.8163265306122449
-86.152,39.7745,1798,354,0.19688542825361513,87,0.04838709677419355,441,0.24527252502780866,1357,0.7547274749721913,61,15,0.2459016393442623,4,0.06557377049180328,19,0.3114754098360656,42,0.6885245901639344
-86.152,39.775,7516,2547,0.3388770622671634,1380,0.1836083022884513,3927,0.5224853645556147,3589,0.4775146354443853,102,30,0.29411764705882354,18,0.17647058823529413,48,0.47058823529411764,54,0.5294117647058824
-86.152,39.7755,6158,2371,0.38502760636570316,938,0.15232218252679441,3309,0.5373497888924976,2849,0.46265021110750243,72,11,0.1527777777777778,16,0.2222222222222222,27,0.375,45,0.625
-86.152,39.776,827,0,0.0,220,0.2660217654171705,220,0.2660217654171705,607,0.7339782345828295,32,0,0.0,10,0.3125,10,0.3125,22,0.6875
-86.152,39.7765,725,0,0.0,304,0.4193103448275862,304,0.4193103448275862,421,0.5806896551724138,16,0,0.0,5,0.3125,5,0.3125,11,0.6875
-86.152,39.777,21439,0,0.0,17444,0.8136573534213349,17444,0.8136573534213349,3995,0.18634264657866506,87,0,0.0,32,0.367816091954023,32,0.367816091954023,55,0.632183908045977
-86.152,39.7775,6223,0,0.0,2083,0.3347260163908083,2083,0.3347260163908083,4140,0.6652739836091917,31,0,0.0,6,0.1935483870967742,6,0.1935483870967742,25,0.8064516129032258
-86.152,39.778,167,0,0.0,95,0.5688622754491018,95,0.5688622754491018,72,0.4311377245508982,4,0,0.0,3,0.75,3,0.75,1,0.25
-86.152,39.7785,753,0,0.0,560,0.7436918990703851,560,0.7436918990703851,193,0.25630810092961487,3,0,0.0,1,0.3333333333333333,1,0.3333333333333333,2,0.6666666666666666
-86.152,39.779,62,0,0.0,36,0.5806451612903226,36,0.5806451612903226,26,0.41935483870967744,4,0,0.0,1,0.25,1,0.25,3,0.75
-86.152,39.7795,61,0,0.0,0,0.0,0,0.0,61,1.0,1,0,0.0,0,0.0,0,0.0,1,1.0
-86.152,39.78,156,0,0.0,0,0.0,0,0.0,156,1.0,2,0,0.0,0,0.0,0,0.0,2,1.0
-86.152,39.7805,74,0,0.0,0,0.0,0,0.0,74,1.0,2,0,0.0,0,0.0,0,0.0,2,1.0
-86.1515,39.761,791,186,0.23514538558786346,161,0.20353982300884957,347,0.438685208596713,444,0.561314791403287,23,5,0.21739130434782608,6,0.2608695652173913,11,0.4782608695652174,12,0.5217391304347826
-86.1515,39.7625,81,0,0.0,0,0.0,0,0.0,81,1.0,1,0,0.0,0,0.0,0,0.0,1,1.0
-86.1515,39.763,485,0,0.0,43,0.088659793814433,43,0.088659793814433,442,0.911340206185567,4,0,0.0,1,0.25,1,0.25,3,0.75
-86.1515,39.7635,6,0,0.0,0,0.0,0,0.0,6,1.0,2,0,0.0,0,0.0,0,0.0,2,1.0
-86.1515,39.766,1844,167,0.09056399132321041,123,0.06670281995661605,290,0.15726681127982645,1554,0.8427331887201736,73,17,0.2328767123287671,3,0.0410958904109589,20,0.273972602739726,53,0.726027397260274
-86.1515,39.7665,3900,2825,0.7243589743589743,55,0.014102564102564103,2880,0.7384615384615384,1020,0.26153846153846155,93,40,0.43010752688172044,2,0.021505376344086023,42,0.45161290322580644,51,0.5483870967741935
-86.1515,39.767,853,771,0.9038686987104337,70,0.08206330597889801,841,0.9859320046893317,12,0.01406799531066823,13,6,0.46153846153846156,4,0.3076923076923077,10,0.7692307692307693,3,0.23076923076923078
-86.1515,39.768,325,2,0.006153846153846154,57,0.1753846153846154,59,0.18153846153846154,266,0.8184615384615385,15,1,0.06666666666666667,3,0.2,4,0.26666666666666666,11,0.7333333333333333
-86.1515,39.7695,4229,2914,0.6890517852920313,1020,0.24119177110427997,3934,0.9302435563963112,295,0.06975644360368881,89,48,0.5393258426966292,10,0.11235955056179775,58,0.651685393258427,31,0.34831460674157305
-86.1515,39.7705,5,5,1.0,0,0.0,5,1.0,0,0.0,1,1,1.0,0,0.0,1,1.0,0,0.0
-86.1515,39.771,10464,9356,0.8941131498470948,65,0.00621177370030581,9421,0.9003249235474006,1043,0.09967507645259939,69,34,0.4927536231884058,4,0.057971014492753624,38,0.5507246376811594,31,0.4492753623188406
-86.1515,39.7715,4,4,1.0,0,0.0,4,1.0,0,0.0,1,1,1.0,0,0.0,1,1.0,0,0.0
-86.1515,39.7725,156,84,0.5384615384615384,72,0.46153846153846156,156,1.0,0,0.0,2,1,0.5,1,0.5,2,1.0,0,0.0
-86.1515,39.7735,5304,230,0.043363499245852186,1168,0.22021116138763197,1398,0.26357466063348417,3906,0.7364253393665159,87,14,0.16091954022988506,30,0.3448275862068966,44,0.5057471264367817,43,0.4942528735632184
-86.1515,39.774,43,0,0.0,36,0.8372093023255814,36,0.8372093023255814,7,0.16279069767441862,3,0,0.0,2,0.6666666666666666,2,0.6666666666666666,1,0.3333333333333333
-86.1515,39.7745,29,0,0.0,0,0.0,0,0.0,29,1.0,1,0,0.0,0,0.0,0,0.0,1,1.0
-86.1515,39.775,2402,692,0.2880932556203164,550,0.2289758534554538,1242,0.5170691090757702,1160,0.4829308909242298,57,8,0.14035087719298245,18,0.3157894736842105,26,0.45614035087719296,31,0.543859649122807
-86.1515,39.7775,6561,0,0.0,1692,0.2578875171467764,1692,0.2578875171467764,4869,0.7421124828532236,49,0,0.0,12,0.24489795918367346,12,0.24489795918367346,37,0.7551020408163265
-86.1515,39.7785,163,0,0.0,86,0.5276073619631901,86,0.5276073619631901,77,0.4723926380368098,2,0,0.0,1,0.5,1,0.5,1,0.5
-86.1515,39.779,17,0,0.0,9,0.5294117647058824,9,0.5294117647058824,8,0.47058823529411764,2,0,0.0,1,0.5,1,0.5,1,0.5
-86.151,39.761,942,184,0.19532908704883228,213,0.22611464968152867,397,0.42144373673036095,545,0.578556263269639,29,6,0.20689655172413793,4,0.13793103448275862,10,0.3448275862068966,19,0.6551724137931034
-86.151,39.7615,131,0,0.0,0,0.0,0,0.0,131,1.0,1,0,0.0,0,0.0,0,0.0,1,1.0
-86.151,39.762,123,0,0.0,0,0.0,0,0.0,123,1.0,1,0,0.0,0,0.0,0,0.0,1,1.0
-86.151,39.7625,732,0,0.0,38,0.05191256830601093,38,0.05191256830601093,694,0.9480874316939891,4,0,0.0,1,0.25,1,0.25,3,0.75
-86.151,39.763,79,0,0.0,6,0.0759493670886076,6,0.0759493670886076,73,0.9240506329113924,4,0,0.0,1,0.25,1,0.25,3,0.75
-86.151,39.766,14,6,0.42857142857142855,3,0.21428571428571427,9,0.6428571428571428,5,0.35714285714285715,10,3,0.3,2,0.2,5,0.5,5,0.5
-86.151,39.7665,10435,8350,0.8001916626736943,193,0.01849544801149976,8543,0.8186871106851941,1892,0.18131288931480594,132,68,0.5151515151515151,5,0.03787878787878788,73,0.553030303030303,59,0.44696969696969696
-86.151,39.767,68,51,0.75,17,0.25,68,1.0,0,0.0,2,1,0.5,1,0.5,2,1.0,0,0.0
-86.151,39.768,375,0,0.0,148,0.39466666666666667,148,0.39466666666666667,227,0.6053333333333333,6,0,0.0,2,0.3333333333333333,2,0.3333333333333333,4,0.6666666666666666
-86.151,39.7695,6612,3830,0.5792498487598307,1860,0.2813067150635209,5690,0.8605565638233516,922,0.1394434361766485,168,76,0.4523809523809524,27,0.16071428571428573,103,0.6130952380952381,65,0.3869047619047619
-86.151,39.771,3772,925,0.24522799575821846,571,0.15137857900318133,1496,0.3966065747613998,2276,0.6033934252386002,45,12,0.26666666666666666,11,0.24444444444444444,23,0.5111111111111111,22,0.4888888888888889
-86.151,39.7715,34,0,0.0,22,0.6470588235294118,22,0.6470588235294118,12,0.35294117647058826,3,0,0.0,2,0.6666666666666666,2,0.6666666666666666,1,0.3333333333333333
-86.151,39.772,52,0,0.0,0,0.0,0,0.0,52,1.0,1,0,0.0,0,0.0,0,0.0,1,1.0
-86.151,39.7725,139,70,0.5035971223021583,24,0.17266187050359713,94,0.6762589928057554,45,0.3237410071942446,8,2,0.25,1,0.125,3,0.375,5,0.625
-86.151,39.7735,2246,618,0.27515583259127335,1114,0.4959928762243989,1732,0.7711487088156723,514,0.2288512911843277,59,20,0.3389830508474576,18,0.3050847457627119,38,0.6440677966101694,21,0.3559322033898305
-86.151,39.774,25,0,0.0,0,0.0,0,0.0,25,1.0,1,0,0.0,0,0.0,0,0.0,1,1.0
-86.151,39.7745,27,0,0.0,0,0.0,0,0.0,27,1.0,1,0,0.0,0,0.0,0,0.0,1,1.0
-86.151,39.775,1989,264,0.13273001508295626,533,0.2679738562091503,797,0.4007038712921066,1192,0.5992961287078934,71,11,0.15492957746478872,17,0.23943661971830985,28,0.39436619718309857,43,0.6056338028169014
-86.151,39.7775,1427,0,0.0,486,0.3405746320953048,486,0.3405746320953048,941,0.6594253679046952,26,0,0.0,9,0.34615384615384615,9,0.34615384615384615,17,0.6538461538461539
-86.151,39.779,166,0,0.0,112,0.6746987951807228,112,0.6746987951807228,54,0.3253012048192771,4,0,0.0,3,0.75,3,0.75,1,0.25
-86.151,39.7795,21,0,0.0,14,0.6666666666666666,14,0.6666666666666666,7,0.3333333333333333,2,0,0.0,1,0.5,1,0.5,1,0.5
-86.1505,39.761,1758,70,0.03981797497155859,444,0.2525597269624573,514,0.2923777019340159,1244,0.7076222980659841,33,2,0.06060606060606061,12,0.36363636363636365,14,0.42424242424242425,19,0.5757575757575758
-86.1505,39.762,355,0,0.0,33,0.09295774647887324,33,0.09295774647887324,322,0.9070422535211268,4,0,0.0,1,0.25,1,0.25,3,0.75
-86.1505,39.7625,222,0,0.0,16,0.07207207207207207,16,0.07207207207207207,206,0.9279279279279279,4,0,0.0,1,0.25,1,0.25,3,0.75
-86.1505,39.7665,7332,4988,0.6803055100927441,915,0.12479541734860884,5903,0.805100927441353,1429,0.19489907255864702,92,55,0.5978260869565217,11,0.11956521739130435,66,0.717391304347826,26,0.2826086956521739
-86.1505,39.767,4050,2329,0.5750617283950618,1188,0.29333333333333333,3517,0.8683950617283951,533,0.13160493827160494,59,30,0.5084745762711864,12,0.2033898305084746,42,0.711864406779661,17,0.288135593220339
-86.1505,39.7675,3117,1551,0.49759384023099135,607,0.19473853063843438,2158,0.6923323708694258,959,0.30766762913057427,123,58,0.4715447154471545,22,0.17886178861788618,80,0.6504065040650406,43,0.34959349593495936
-86.1505,39.768,7529,4282,0.5687342276530748,1706,0.22659051666888033,5988,0.7953247443219551,1541,0.2046752556780449,78,37,0.47435897435897434,14,0.1794871794871795,51,0.6538461538461539,27,0.34615384615384615
-86.1505,39.7685,2888,2213,0.7662742382271468,525,0.18178670360110805,2738,0.9480609418282548,150,0.05193905817174515,47,28,0.5957446808510638,10,0.2127659574468085,38,0.8085106382978723,9,0.19148936170212766
-86.1505,39.769,8887,1559,0.17542477776527513,1134,0.12760211544953304,2693,0.30302689321480814,6194,0.6969731067851919,88,28,0.3181818181818182,21,0.23863636363636365,49,0.5568181818181818,39,0.4431818181818182
-86.1505,39.7695,15827,1494,0.09439565299804133,7101,0.4486636759967145,8595,0.5430593289947558,7232,0.4569406710052442,81,14,0.1728395061728395,22,0.2716049382716049,36,0.4444444444444444,45,0.5555555555555556
-86.1505,39.77,2936,42,0.01430517711171662,1032,0.35149863760217986,1074,0.3658038147138965,1862,0.6341961852861036,48,3,0.0625,17,0.3541666666666667,20,0.4166666666666667,28,0.5833333333333334
-86.1505,39.7705,4324,0,0.0,1822,0.4213691026827012,1822,0.4213691026827012,2502,0.5786308973172988,58,0,0.0,27,0.46551724137931033,27,0.46551724137931033,31,0.5344827586206896
-86.1505,39.771,14713,315,0.021409637735336096,6880,0.46761367498130907,7195,0.4890233127166452,7518,0.5109766872833549,233,10,0.04291845493562232,109,0.4678111587982833,119,0.5107296137339056,114,0.4892703862660944
-86.1505,39.7715,6301,0,0.0,4049,0.6425964132677353,4049,0.6425964132677353,2252,0.35740358673226474,137,0,0.0,68,0.49635036496350365,68,0.49635036496350365,69,0.5036496350364964
-86.1505,39.772,6556,7,0.0010677242220866383,2955,0.450732153752288,2962,0.4517998779743746,3594,0.5482001220256254,187,1,0.0053475935828877,87,0.46524064171123,88,0.47058823529411764,99,0.5294117647058824
-86.1505,39.7725,5540,31,0.005595667870036101,2661,0.4803249097472924,2692,0.48592057761732854,2848,0.5140794223826715,138,1,0.007246376811594203,74,0.5362318840579711,75,0.5434782608695652,63,0.45652173913043476
-86.1505,39.773,10496,882,0.08403201219512195,4602,0.43845274390243905,5484,0.522484756097561,5012,0.47751524390243905,91,3,0.03296703296703297,46,0.5054945054945055,49,0.5384615384615384,42,0.46153846153846156
-86.1505,39.7735,26852,8284,0.30850588410546703,8085,0.3010948905109489,16369,0.6096007746164159,10483,0.39039922538358407,169,54,0.31952662721893493,39,0.23076923076923078,93,0.5502958579881657,76,0.44970414201183434
-86.1505,39.774,3408,987,0.289612676056338,684,0.2007042253521127,1671,0.4903169014084507,1737,0.5096830985915493,75,24,0.32,11,0.14666666666666667,35,0.4666666666666667,40,0.5333333333333333
-86.1505,39.7745,3702,1389,0.3752025931928687,539,0.14559697460831983,1928,0.5207995678011885,1774,0.4792004321988115,83,16,0.1927710843373494,21,0.25301204819277107,37,0.4457831325301205,46,0.5542168674698795
-86.1505,39.775,7920,545,0.06881313131313131,3748,0.4732323232323232,4293,0.5420454545454545,3627,0.45795454545454545,165,15,0.09090909090909091,47,0.28484848484848485,62,0.37575757575757573,103,0.6242424242424243
-86.1505,39.7755,830,7,0.008433734939759036,209,0.25180722891566265,216,0.26024096385542167,614,0.7397590361445783,53,1,0.018867924528301886,12,0.22641509433962265,13,0.24528301886792453,40,0.7547169811320755
-86.1505,39.776,16,0,0.0,0,0.0,0,0.0,16,1.0,4,0,0.0,0,0.0,0,0.0,4,1.0
-86.1505,39.7775,1737,0,0.0,605,0.34830166954519287,605,0.34830166954519287,1132,0.6516983304548072,23,0,0.0,7,0.30434782608695654,7,0.30434782608695654,16,0.6956521739130435
-86.1505,39.7795,191,0,0.0,5,0.02617801047120419,5,0.02617801047120419,186,0.9738219895287958,6,0,0.0,1,0.16666666666666666,1,0.16666666666666666,5,0.8333333333333334
-86.1505,39.78,29,0,0.0,0,0.0,0,0.0,29,1.0,2,0,0.0,0,0.0,0,0.0,2,1.0
-86.15,39.761,830,27,0.03253012048192771,248,0.2987951807228916,275,0.3313253012048193,555,0.6686746987951807,18,2,0.1111111111111111,5,0.2777777777777778,7,0.3888888888888889,11,0.6111111111111112
-86.15,39.7615,203,0,0.0,18,0.08866995073891626,18,0.08866995073891626,185,0.9113300492610837,4,0,0.0,1,0.25,1,0.25,3,0.75
-86.15,39.762,292,0,0.0,28,0.0958904109589041,28,0.0958904109589041,264,0.9041095890410958,4,0,0.0,1,0.25,1,0.25,3,0.75
-86.15,39.7665,5004,1939,0.3874900079936051,2588,0.5171862509992007,4527,0.9046762589928058,477,0.09532374100719425,113,37,0.3274336283185841,35,0.30973451327433627,72,0.6371681415929203,41,0.36283185840707965
-86.15,39.767,25,25,1.0,0,0.0,25,1.0,0,0.0,2,2,1.0,0,0.0,2,1.0,0,0.0
-86.15,39.768,144,0,0.0,74,0.5138888888888888,74,0.5138888888888888,70,0.4861111111111111,2,0,0.0,1,0.5,1,0.5,1,0.5
-86.15,39.7695,864,67,0.0775462962962963,0,0.0,67,0.0775462962962963,797,0.9224537037037037,15,4,0.26666666666666666,0,0.0,4,0.26666666666666666,11,0.7333333333333333
-86.15,39.771,744,0,0.0,0,0.0,0,0.0,744,1.0,24,0,0.0,0,0.0,0,0.0,24,1.0
-86.15,39.772,48,0,0.0,0,0.0,0,0.0,48,1.0,2,0,0.0,0,0.0,0,0.0,2,1.0
-86.15,39.7725,112,0,0.0,64,0.5714285714285714,64,0.5714285714285714,48,0.42857142857142855,5,0,0.0,3,0.6,3,0.6,2,0.4
-86.15,39.7735,2471,1615,0.6535815459328207,0,0.0,1615,0.6535815459328207,856,0.3464184540671793,29,10,0.3448275862068966,0,0.0,10,0.3448275862068966,19,0.6551724137931034
-86.15,39.7745,161,50,0.3105590062111801,0,0.0,50,0.3105590062111801,111,0.6894409937888198,6,2,0.3333333333333333,0,0.0,2,0.3333333333333333,4,0.6666666666666666
-86.15,39.775,3671,94,0.02560610187959684,2956,0.8052301825115772,3050,0.8308362843911741,621,0.16916371560882593,56,3,0.05357142857142857,21,0.375,24,0.42857142857142855,32,0.5714285714285714
-86.15,39.7755,1217,34,0.027937551355792935,314,0.2580115036976171,348,0.28594905505341006,869,0.7140509449465899,70,2,0.02857142857142857,15,0.21428571428571427,17,0.24285714285714285,53,0.7571428571428571
-86.15,39.776,2641,73,0.02764104505868989,1008,0.38167360848163573,1081,0.4093146535403256,1560,0.5906853464596744,43,2,0.046511627906976744,13,0.3023255813953488,15,0.3488372093023256,28,0.6511627906976745
-86.15,39.7765,2777,0,0.0,785,0.28267915016204537,785,0.28267915016204537,1992,0.7173208498379546,38,0,0.0,16,0.42105263157894735,16,0.42105263157894735,22,0.5789473684210527
-86.15,39.777,1828,0,0.0,632,0.34573304157549234,632,0.34573304157549234,1196,0.6542669584245077,28,0,0.0,11,0.39285714285714285,11,0.39285714285714285,17,0.6071428571428571
-86.15,39.7775,4766,0,0.0,1762,0.36970205623164076,1762,0.36970205623164076,3004,0.6302979437683592,29,0,0.0,9,0.3103448275862069,9,0.3103448275862069,20,0.6896551724137931
-86.15,39.78,184,0,0.0,0,0.0,0,0.0,184,1.0,2,0,0.0,0,0.0,0,0.0,2,1.0
-86.15,39.7805,32,0,0.0,0,0.0,0,0.0,32,1.0,2,0,0.0,0,0.0,0,0.0,2,1.0
-86.1495,39.761,3869,0,0.0,332,0.08581028689583872,332,0.08581028689583872,3537,0.9141897131041613,12,0,0.0,6,0.5,6,0.5,6,0.5
-86.1495,39.7615,1144,0,0.0,44,0.038461538461538464,44,0.038461538461538464,1100,0.9615384615384616,4,0,0.0,1,0.25,1,0.25,3,0.75
-86.1495,39.7665,3266,814,0.2492345376607471,774,0.23698714023270054,1588,0.4862216778934476,1678,0.5137783221065524,84,29,0.34523809523809523,22,0.2619047619047619,51,0.6071428571428571,33,0.39285714285714285
-86.1495,39.767,14,14,1.0,0,0.0,14,1.0,0,0.0,1,1,1.0,0,0.0,1,1.0,0,0.0
-86.1495,39.768,111,0,0.0,55,0.4954954954954955,55,0.4954954954954955,56,0.5045045045045045,2,0,0.0,1,0.5,1,0.5,1,0.5
-86.1495,39.7695,571,2,0.0035026269702276708,74,0.1295971978984238,76,0.13309982486865146,495,0.8669001751313485,17,1,0.058823529411764705,3,0.17647058823529413,4,0.23529411764705882,13,0.7647058823529411
-86.1495,39.771,736,0,0.0,19,0.025815217391304348,19,0.025815217391304348,717,0.9741847826086957,42,0,0.0,1,0.023809523809523808,1,0.023809523809523808,41,0.9761904761904762
-86.1495,39.772,47,0,0.0,0,0.0,0,0.0,47,1.0,2,0,0.0,0,0.0,0,0.0,2,1.0
-86.1495,39.7725,46,0,0.0,46,1.0,46,1.0,0,0.0,2,0,0.0,2,1.0,2,1.0,0,0.0
-86.1495,39.7735,643,3,0.004665629860031105,0,0.0,3,0.004665629860031105,640,0.995334370139969,16,1,0.0625,0,0.0,1,0.0625,15,0.9375
-86.1495,39.7745,30,30,1.0,0,0.0,30,1.0,0,0.0,1,1,1.0,0,0.0,1,1.0,0,0.0
-86.1495,39.775,1057,8,0.007568590350047304,751,0.7105014191106906,759,0.718070009460738,298,0.28192999053926204,24,1,0.041666666666666664,13,0.5416666666666666,14,0.5833333333333334,10,0.4166666666666667
-86.1495,39.7775,940,0,0.0,120,0.1276595744680851,120,0.1276595744680851,820,0.8723404255319149,13,0,0.0,3,0.23076923076923078,3,0.23076923076923078,10,0.7692307692307693
-86.1495,39.7805,192,0,0.0,0,0.0,0,0.0,192,1.0,2,0,0.0,0,0.0,0,0.0,2,1.0
-86.149,39.761,3340,0,0.0,401,0.12005988023952095,401,0.12005988023952095,2939,0.879940119760479,13,0,0.0,6,0.46153846153846156,6,0.46153846153846156,7,0.5384615384615384
-86.149,39.7615,5699,0,0.0,2597,0.45569398140024564,2597,0.45569398140024564,3102,0.5443060185997544,9,0,0.0,4,0.4444444444444444,4,0.4444444444444444,5,0.5555555555555556
-86.149,39.762,1010,0,0.0,273,0.2702970297029703,273,0.2702970297029703,737,0.7297029702970297,9,0,0.0,4,0.4444444444444444,4,0.4444444444444444,5,0.5555555555555556
-86.149,39.7625,828,0,0.0,250,0.30193236714975846,250,0.30193236714975846,578,0.6980676328502415,9,0,0.0,4,0.4444444444444444,4,0.4444444444444444,5,0.5555555555555556
-86.149,39.763,791,0,0.0,237,0.2996207332490518,237,0.2996207332490518,554,0.7003792667509482,9,0,0.0,4,0.4444444444444444,4,0.4444444444444444,5,0.5555555555555556
-86.149,39.7635,805,0,0.0,234,0.2906832298136646,234,0.2906832298136646,571,0.7093167701863354,9,0,0.0,4,0.4444444444444444,4,0.4444444444444444,5,0.5555555555555556
-86.149,39.764,2020,0,0.0,228,0.11287128712871287,228,0.11287128712871287,1792,0.8871287128712871,14,0,0.0,6,0.42857142857142855,6,0.42857142857142855,8,0.5714285714285714
-86.149,39.7645,806,79,0.09801488833746898,201,0.24937965260545905,280,0.34739454094292804,526,0.652605459057072,34,3,0.08823529411764706,9,0.2647058823529412,12,0.35294117647058826,22,0.6470588235294118
-86.149,39.765,799,146,0.18272841051314143,203,0.25406758448060074,349,0.43679599499374216,450,0.5632040050062578,21,4,0.19047619047619047,5,0.23809523809523808,9,0.42857142857142855,12,0.5714285714285714
-86.149,39.7655,820,215,0.2621951219512195,182,0.22195121951219512,397,0.4841463414634146,423,0.5158536585365854,25,4,0.16,9,0.36,13,0.52,12,0.48
-86.149,39.766,918,308,0.3355119825708061,152,0.1655773420479303,460,0.5010893246187365,458,0.4989106753812636,31,10,0.3225806451612903,5,0.16129032258064516,15,0.4838709677419355,16,0.5161290322580645
-86.149,39.7665,6613,3041,0.4598518070467261,2231,0.3373657946469076,5272,0.7972176016936336,1341,0.20278239830636624,68,21,0.3088235294117647,21,0.3088235294117647,42,0.6176470588235294,26,0.38235294117647056
-86.149,39.767,3227,1160,0.3594669972110319,1033,0.3201115587232724,2193,0.6795785559343044,1034,0.32042144406569567,40,10,0.25,15,0.375,25,0.625,15,0.375
-86.149,39.7675,1745,49,0.028080229226361032,776,0.4446991404011461,825,0.47277936962750716,920,0.5272206303724928,35,1,0.02857142857142857,14,0.4,15,0.42857142857142855,20,0.5714285714285714
-86.149,39.768,3042,567,0.1863905325443787,935,0.3073635765943458,1502,0.49375410913872453,1540,0.5062458908612755,60,2,0.03333333333333333,31,0.5166666666666667,33,0.55,27,0.45
-86.149,39.7685,3831,32,0.00835291046724093,2308,0.602453667449752,2340,0.610806577916993,1491,0.38919342208300706,89,1,0.011235955056179775,52,0.5842696629213483,53,0.5955056179775281,36,0.4044943820224719
-86.149,39.769,1071,0,0.0,843,0.7871148459383753,843,0.7871148459383753,228,0.21288515406162464,49,0,0.0,29,0.5918367346938775,29,0.5918367346938775,20,0.40816326530612246
-86.149,39.7695,2999,0,0.0,1166,0.3887962654218073,1166,0.3887962654218073,1833,0.6112037345781928,28,0,0.0,15,0.5357142857142857,15,0.5357142857142857,13,0.4642857142857143
-86.149,39.771,2086,0,0.0,70,0.03355704697986577,70,0.03355704697986577,2016,0.9664429530201343,45,0,0.0,6,0.13333333333333333,6,0.13333333333333333,39,0.8666666666666667
-86.149,39.772,113,0,0.0,96,0.8495575221238938,96,0.8495575221238938,17,0.1504424778761062,5,0,0.0,3,0.6,3,0.6,2,0.4
-86.149,39.7725,29,0,0.0,29,1.0,29,1.0,0,0.0,1,0,0.0,1,1.0,1,1.0,0,0.0
-86.149,39.7735,499,0,0.0,0,0.0,0,0.0,499,1.0,10,0,0.0,0,0.0,0,0.0,10,1.0
-86.149,39.774,6,6,1.0,0,0.0,6,1.0,0,0.0,1,1,1.0,0,0.0,1,1.0,0,0.0
-86.149,39.7745,14,14,1.0,0,0.0,14,1.0,0,0.0,1,1,1.0,0,0.0,1,1.0,0,0.0
-86.149,39.775,14843,0,0.0,9599,0.6467021491612208,9599,0.6467021491612208,5244,0.35329785083877924,25,0,0.0,14,0.56,14,0.56,11,0.44
-86.149,39.7775,1325,0,0.0,70,0.052830188679245285,70,0.052830188679245285,1255,0.9471698113207547,15,0,0.0,2,0.13333333333333333,2,0.13333333333333333,13,0.8666666666666667
-86.149,39.7805,159,0,0.0,0,0.0,0,0.0,159,1.0,2,0,0.0,0,0.0,0,0.0,2,1.0
-86.1485,39.761,250,0,0.0,0,0.0,0,0.0,250,1.0,1,0,0.0,0,0.0,0,0.0,1,1.0
-86.1485,39.7665,3978,1903,0.4783810960281549,782,0.19658119658119658,2685,0.6749622926093515,1293,0.3250377073906486,18,6,0.3333333333333333,6,0.3333333333333333,12,0.6666666666666666,6,0.3333333333333333
-86.1485,39.767,1035,499,0.4821256038647343,350,0.33816425120772947,849,0.8202898550724638,186,0.17971014492753623,4,1,0.25,1,0.25,2,0.5,2,0.5
-86.1485,39.7675,391,0,0.0,150,0.3836317135549872,150,0.3836317135549872,241,0.6163682864450127,3,0,0.0,1,0.3333333333333333,1,0.3333333333333333,2,0.6666666666666666
-86.1485,39.768,2099,0,0.0,1220,0.5812291567413054,1220,0.5812291567413054,879,0.4187708432586946,48,0,0.0,31,0.6458333333333334,31,0.6458333333333334,17,0.3541666666666667
-86.1485,39.7685,3058,19,0.006213211249182472,857,0.2802485284499673,876,0.28646173969914973,2182,0.7135382603008502,71,2,0.028169014084507043,42,0.5915492957746479,44,0.6197183098591549,27,0.38028169014084506
-86.1485,39.769,3312,0,0.0,2021,0.6102053140096618,2021,0.6102053140096618,1291,0.3897946859903382,116,0,0.0,68,0.5862068965517241,68,0.5862068965517241,48,0.41379310344827586
-86.1485,39.7695,12218,0,0.0,8925,0.730479620232444,8925,0.730479620232444,3293,0.26952037976755605,164,0,0.0,101,0.6158536585365854,101,0.6158536585365854,63,0.38414634146341464
-86.1485,39.77,6738,0,0.0,2713,0.40264173345206294,2713,0.40264173345206294,4025,0.5973582665479371,97,0,0.0,44,0.4536082474226804,44,0.4536082474226804,53,0.5463917525773195
-86.1485,39.7705,4102,0,0.0,1577,0.3844466114090688,1577,0.3844466114090688,2525,0.6155533885909312,45,0,0.0,22,0.4888888888888889,22,0.4888888888888889,23,0.5111111111111111
-86.1485,39.771,6782,0,0.0,2634,0.38838100855204954,2634,0.38838100855204954,4148,0.6116189914479505,59,0,0.0,26,0.4406779661016949,26,0.4406779661016949,33,0.559322033898305
-86.1485,39.7715,3637,0,0.0,1833,0.5039868023095958,1833,0.5039868023095958,1804,0.4960131976904042,51,0,0.0,33,0.6470588235294118,33,0.6470588235294118,18,0.35294117647058826
-86.1485,39.772,3381,0,0.0,2149,0.6356107660455487,2149,0.6356107660455487,1232,0.36438923395445133,69,0,0.0,51,0.7391304347826086,51,0.7391304347826086,18,0.2608695652173913
-86.1485,39.7725,5346,0,0.0,3533,0.6608679386457165,3533,0.6608679386457165,1813,0.3391320613542836,56,0,0.0,37,0.6607142857142857,37,0.6607142857142857,19,0.3392857142857143
-86.1485,39.773,4233,0,0.0,3503,0.827545476021734,3503,0.827545476021734,730,0.172454523978266,61,0,0.0,47,0.7704918032786885,47,0.7704918032786885,14,0.22950819672131148
-86.1485,39.7735,7901,0,0.0,3406,0.43108467282622454,3406,0.43108467282622454,4495,0.5689153271737755,47,0,0.0,26,0.5531914893617021,26,0.5531914893617021,21,0.44680851063829785
-86.1485,39.774,8599,0,0.0,5006,0.5821607163623678,5006,0.5821607163623678,3593,0.4178392836376323,36,0,0.0,23,0.6388888888888888,23,0.6388888888888888,13,0.3611111111111111
-86.1485,39.7745,2603,0,0.0,1641,0.6304264310411064,1641,0.6304264310411064,962,0.3695735689588936,59,0,0.0,35,0.5932203389830508,35,0.5932203389830508,24,0.4067796610169492
-86.1485,39.775,8735,0,0.0,6575,0.7527189467658844,6575,0.7527189467658844,2160,0.24728105323411562,65,0,0.0,36,0.5538461538461539,36,0.5538461538461539,29,0.4461538461538462
-86.1485,39.7755,3991,0,0.0,435,0.1089952392883989,435,0.1089952392883989,3556,0.8910047607116011,26,0,0.0,4,0.15384615384615385,4,0.15384615384615385,22,0.8461538461538461
-86.1485,39.776,648,0,0.0,92,0.1419753086419753,92,0.1419753086419753,556,0.8580246913580247,16,0,0.0,2,0.125,2,0.125,14,0.875
-86.1485,39.7765,766,0,0.0,55,0.07180156657963446,55,0.07180156657963446,711,0.9281984334203656,14,0,0.0,2,0.14285714285714285,2,0.14285714285714285,12,0.8571428571428571
-86.1485,39.777,1774,0,0.0,48,0.02705749718151071,48,0.02705749718151071,1726,0.9729425028184893,16,0,0.0,3,0.1875,3,0.1875,13,0.8125
-86.1485,39.7775,6698,0,0.0,530,0.07912809793968349,530,0.07912809793968349,6168,0.9208719020603165,34,0,0.0,3,0.08823529411764706,3,0.08823529411764706,31,0.9117647058823529
-86.1485,39.778,1260,0,0.0,72,0.05714285714285714,72,0.05714285714285714,1188,0.9428571428571428,24,0,0.0,6,0.25,6,0.25,18,0.75
-86.1485,39.7785,683,0,0.0,78,0.11420204978038068,78,0.11420204978038068,605,0.8857979502196194,18,0,0.0,1,0.05555555555555555,1,0.05555555555555555,17,0.9444444444444444
-86.1485,39.779,670,0,0.0,59,0.0880597014925373,59,0.0880597014925373,611,0.9119402985074627,25,0,0.0,3,0.12,3,0.12,22,0.88
-86.1485,39.7795,685,0,0.0,22,0.032116788321167884,22,0.032116788321167884,663,0.9678832116788321,23,0,0.0,1,0.043478260869565216,1,0.043478260869565216,22,0.9565217391304348
-86.1485,39.78,820,0,0.0,0,0.0,0,0.0,820,1.0,14,0,0.0,0,0.0,0,0.0,14,1.0
-86.1485,39.7805,5612,0,0.0,0,0.0,0,0.0,5612,1.0,13,0,0.0,0,0.0,0,0.0,13,1.0
-86.148,39.761,215,0,0.0,0,0.0,0,0.0,215,1.0,2,0,0.0,0,0.0,0,0.0,2,1.0
-86.148,39.7665,564,185,0.3280141843971631,186,0.32978723404255317,371,0.6578014184397163,193,0.3421985815602837,15,3,0.2,6,0.4,9,0.6,6,0.4
-86.148,39.768,738,0,0.0,545,0.7384823848238482,545,0.7384823848238482,193,0.26151761517615174,37,0,0.0,27,0.7297297297297297,27,0.7297297297297297,10,0.2702702702702703
-86.148,39.7695,575,0,0.0,512,0.8904347826086957,512,0.8904347826086957,63,0.10956521739130434,19,0,0.0,13,0.6842105263157895,13,0.6842105263157895,6,0.3157894736842105
-86.148,39.771,520,0,0.0,0,0.0,0,0.0,520,1.0,15,0,0.0,0,0.0,0,0.0,15,1.0
-86.148,39.7715,110,0,0.0,110,1.0,110,1.0,0,0.0,2,0,0.0,2,1.0,2,1.0,0,0.0
-86.148,39.772,183,0,0.0,113,0.6174863387978142,113,0.6174863387978142,70,0.3825136612021858,3,0,0.0,2,0.6666666666666666,2,0.6666666666666666,1,0.3333333333333333
-86.148,39.7725,1624,0,0.0,1365,0.8405172413793104,1365,0.8405172413793104,259,0.15948275862068967,39,0,0.0,34,0.8717948717948718,34,0.8717948717948718,5,0.1282051282051282
-86.148,39.7735,1156,0,0.0,0,0.0,0,0.0,1156,1.0,10,0,0.0,0,0.0,0,0.0,10,1.0
-86.148,39.775,1542,0,0.0,1248,0.8093385214007782,1248,0.8093385214007782,294,0.19066147859922178,43,0,0.0,28,0.6511627906976745,28,0.6511627906976745,15,0.3488372093023256
-86.148,39.7755,305,0,0.0,0,0.0,0,0.0,305,1.0,1,0,0.0,0,0.0,0,0.0,1,1.0
-86.148,39.7775,1512,0,0.0,46,0.03042328042328042,46,0.03042328042328042,1466,0.9695767195767195,12,0,0.0,1,0.08333333333333333,1,0.08333333333333333,11,0.9166666666666666
-86.148,39.7805,781,0,0.0,0,0.0,0,0.0,781,1.0,18,0,0.0,0,0.0,0,0.0,18,1.0
-86.1475,39.761,203,0,0.0,0,0.0,0,0.0,203,1.0,2,0,0.0,0,0.0,0,0.0,2,1.0
-86.1475,39.7665,467,21,0.044967880085653104,220,0.47109207708779444,241,0.5160599571734475,226,0.48394004282655245,20,2,0.1,9,0.45,11,0.55,9,0.45
-86.1475,39.768,752,0,0.0,542,0.7207446808510638,542,0.7207446808510638,210,0.27925531914893614,35,0,0.0,19,0.5428571428571428,19,0.5428571428571428,16,0.45714285714285713
-86.1475,39.7695,569,0,0.0,525,0.9226713532513181,525,0.9226713532513181,44,0.0773286467486819,17,0,0.0,14,0.8235294117647058,14,0.8235294117647058,3,0.17647058823529413
-86.1475,39.771,528,0,0.0,62,0.11742424242424243,62,0.11742424242424243,466,0.8825757575757576,15,0,0.0,2,0.13333333333333333,2,0.13333333333333333,13,0.8666666666666667
-86.1475,39.7715,107,0,0.0,107,1.0,107,1.0,0,0.0,2,0,0.0,2,1.0,2,1.0,0,0.0
-86.1475,39.772,202,0,0.0,119,0.5891089108910891,119,0.5891089108910891,83,0.41089108910891087,4,0,0.0,3,0.75,3,0.75,1,0.25
-86.1475,39.7725,1960,0,0.0,1562,0.7969387755102041,1562,0.7969387755102041,398,0.2030612244897959,32,0,0.0,27,0.84375,27,0.84375,5,0.15625
-86.1475,39.7735,447,0,0.0,0,0.0,0,0.0,447,1.0,10,0,0.0,0,0.0,0,0.0,10,1.0
-86.1475,39.775,785,0,0.0,556,0.70828025477707,556,0.70828025477707,229,0.2917197452229299,10,0,0.0,7,0.7,7,0.7,3,0.3
-86.1475,39.7755,83,0,0.0,0,0.0,0,0.0,83,1.0,2,0,0.0,0,0.0,0,0.0,2,1.0
-86.1475,39.776,62,0,0.0,0,0.0,0,0.0,62,1.0,2,0,0.0,0,0.0,0,0.0,2,1.0
-86.1475,39.7775,837,0,0.0,22,0.026284348864994027,22,0.026284348864994027,815,0.973715651135006,15,0,0.0,1,0.06666666666666667,1,0.06666666666666667,14,0.9333333333333333
-86.1475,39.7805,626,0,0.0,0,0.0,0,0.0,626,1.0,15,0,0.0,0,0.0,0,0.0,15,1.0
-86.147,39.761,206,0,0.0,0,0.0,0,0.0,206,1.0,12,0,0.0,0,0.0,0,0.0,12,1.0
-86.147,39.7665,490,0,0.0,282,0.5755102040816327,282,0.5755102040816327,208,0.42448979591836733,16,0,0.0,10,0.625,10,0.625,6,0.375
-86.147,39.767,72,0,0.0,0,0.0,0,0.0,72,1.0,2,0,0.0,0,0.0,0,0.0,2,1.0
-86.147,39.7675,88,0,0.0,12,0.13636363636363635,12,0.13636363636363635,76,0.8636363636363636,6,0,0.0,1,0.16666666666666666,1,0.16666666666666666,5,0.8333333333333334
-86.147,39.768,934,0,0.0,733,0.784796573875803,733,0.784796573875803,201,0.215203426124197,17,0,0.0,10,0.5882352941176471,10,0.5882352941176471,7,0.4117647058823529
-86.147,39.7685,71,0,0.0,71,1.0,71,1.0,0,0.0,2,0,0.0,2,1.0,2,1.0,0,0.0
-86.147,39.769,82,0,0.0,82,1.0,82,1.0,0,0.0,1,0,0.0,1,1.0,1,1.0,0,0.0
-86.147,39.7695,685,0,0.0,636,0.9284671532846716,636,0.9284671532846716,49,0.07153284671532846,26,0,0.0,21,0.8076923076923077,21,0.8076923076923077,5,0.19230769230769232
-86.147,39.771,595,0,0.0,104,0.17478991596638654,104,0.17478991596638654,491,0.8252100840336134,30,0,0.0,5,0.16666666666666666,5,0.16666666666666666,25,0.8333333333333334
-86.147,39.7715,209,0,0.0,191,0.9138755980861244,191,0.9138755980861244,18,0.0861244019138756,6,0,0.0,4,0.6666666666666666,4,0.6666666666666666,2,0.3333333333333333
-86.147,39.772,1580,0,0.0,837,0.529746835443038,837,0.529746835443038,743,0.47025316455696203,8,0,0.0,3,0.375,3,0.375,5,0.625
-86.147,39.7725,3110,0,0.0,2295,0.7379421221864951,2295,0.7379421221864951,815,0.2620578778135048,61,0,0.0,34,0.5573770491803278,34,0.5573770491803278,27,0.4426229508196721
-86.147,39.773,55,0,0.0,30,0.5454545454545454,30,0.5454545454545454,25,0.45454545454545453,3,0,0.0,1,0.3333333333333333,1,0.3333333333333333,2,0.6666666666666666
-86.147,39.7735,593,0,0.0,40,0.06745362563237774,40,0.06745362563237774,553,0.9325463743676222,11,0,0.0,1,0.09090909090909091,1,0.09090909090909091,10,0.9090909090909091
-86.147,39.775,1435,0,0.0,654,0.45574912891986064,654,0.45574912891986064,781,0.5442508710801394,10,0,0.0,7,0.7,7,0.7,3,0.3
-86.147,39.776,192,0,0.0,0,0.0,0,0.0,192,1.0,3,0,0.0,0,0.0,0,0.0,3,1.0
-86.147,39.7775,801,0,0.0,0,0.0,0,0.0,801,1.0,13,0,0.0,0,0.0,0,0.0,13,1.0
-86.147,39.7805,641,0,0.0,0,0.0,0,0.0,641,1.0,16,0,0.0,0,0.0,0,0.0,16,1.0
-86.1465,39.761,228,0,0.0,0,0.0,0,0.0,228,1.0,3,0,0.0,0,0.0,0,0.0,3,1.0
-86.1465,39.7665,444,0,0.0,269,0.6058558558558559,269,0.6058558558558559,175,0.39414414414414417,15,0,0.0,7,0.4666666666666667,7,0.4666666666666667,8,0.5333333333333333
-86.1465,39.768,690,0,0.0,567,0.8217391304347826,567,0.8217391304347826,123,0.1782608695652174,13,0,0.0,9,0.6923076923076923,9,0.6923076923076923,4,0.3076923076923077
-86.1465,39.7695,523,0,0.0,441,0.8432122370936902,441,0.8432122370936902,82,0.15678776290630975,17,0,0.0,12,0.7058823529411765,12,0.7058823529411765,5,0.29411764705882354
-86.1465,39.771,696,0,0.0,244,0.3505747126436782,244,0.3505747126436782,452,0.6494252873563219,31,0,0.0,11,0.3548387096774194,11,0.3548387096774194,20,0.6451612903225806
-86.1465,39.772,207,0,0.0,101,0.48792270531400966,101,0.48792270531400966,106,0.5120772946859904,4,0,0.0,1,0.25,1,0.25,3,0.75
-86.1465,39.7725,2188,0,0.0,1063,0.48583180987202923,1063,0.48583180987202923,1125,0.5141681901279708,44,0,0.0,19,0.4318181818181818,19,0.4318181818181818,25,0.5681818181818182
-86.1465,39.7735,388,0,0.0,48,0.12371134020618557,48,0.12371134020618557,340,0.8762886597938144,21,0,0.0,2,0.09523809523809523,2,0.09523809523809523,19,0.9047619047619048
-86.1465,39.775,1237,0,0.0,930,0.751818916734034,930,0.751818916734034,307,0.24818108326596605,10,0,0.0,7,0.7,7,0.7,3,0.3
-86.1465,39.776,24,0,0.0,0,0.0,0,0.0,24,1.0,1,0,0.0,0,0.0,0,0.0,1,1.0
-86.1465,39.7765,266,0,0.0,0,0.0,0,0.0,266,1.0,1,0,0.0,0,0.0,0,0.0,1,1.0
-86.1465,39.7775,807,0,0.0,0,0.0,0,0.0,807,1.0,13,0,0.0,0,0.0,0,0.0,13,1.0
-86.1465,39.7805,689,0,0.0,0,0.0,0,0.0,689,1.0,12,0,0.0,0,0.0,0,0.0,12,1.0
-86.146,39.761,569,0,0.0,0,0.0,0,0.0,569,1.0,1,0,0.0,0,0.0,0,0.0,1,1.0
-86.146,39.7665,503,0,0.0,269,0.5347912524850894,269,0.5347912524850894,234,0.46520874751491054,17,0,0.0,9,0.5294117647058824,9,0.5294117647058824,8,0.47058823529411764
-86.146,39.768,898,0,0.0,777,0.8652561247216035,777,0.8652561247216035,121,0.13474387527839643,15,0,0.0,8,0.5333333333333333,8,0.5333333333333333,7,0.4666666666666667
-86.146,39.7695,570,0,0.0,484,0.8491228070175438,484,0.8491228070175438,86,0.15087719298245614,14,0,0.0,12,0.8571428571428571,12,0.8571428571428571,2,0.14285714285714285
-86.146,39.771,1745,0,0.0,1461,0.8372492836676217,1461,0.8372492836676217,284,0.16275071633237823,18,0,0.0,8,0.4444444444444444,8,0.4444444444444444,10,0.5555555555555556
-86.146,39.772,205,0,0.0,102,0.4975609756097561,102,0.4975609756097561,103,0.5024390243902439,2,0,0.0,1,0.5,1,0.5,1,0.5
-86.146,39.7725,2626,0,0.0,664,0.25285605483625284,664,0.25285605483625284,1962,0.7471439451637472,33,0,0.0,12,0.36363636363636365,12,0.36363636363636365,21,0.6363636363636364
-86.146,39.7735,420,0,0.0,76,0.18095238095238095,76,0.18095238095238095,344,0.819047619047619,18,0,0.0,2,0.1111111111111111,2,0.1111111111111111,16,0.8888888888888888
-86.146,39.775,807,0,0.0,563,0.6976456009913259,563,0.6976456009913259,244,0.3023543990086741,10,0,0.0,7,0.7,7,0.7,3,0.3
-86.146,39.7765,68,0,0.0,0,0.0,0,0.0,68,1.0,1,0,0.0,0,0.0,0,0.0,1,1.0
-86.146,39.777,71,0,0.0,0,0.0,0,0.0,71,1.0,1,0,0.0,0,0.0,0,0.0,1,1.0
-86.146,39.7775,828,0,0.0,0,0.0,0,0.0,828,1.0,13,0,0.0,0,0.0,0,0.0,13,1.0
-86.146,39.7805,722,0,0.0,0,0.0,0,0.0,722,1.0,12,0,0.0,0,0.0,0,0.0,12,1.0
-86.1455,39.761,648,0,0.0,0,0.0,0,0.0,648,1.0,3,0,0.0,0,0.0,0,0.0,3,1.0
-86.1455,39.7615,351,0,0.0,45,0.1282051282051282,45,0.1282051282051282,306,0.8717948717948718,5,0,0.0,2,0.4,2,0.4,3,0.6
-86.1455,39.762,335,0,0.0,104,0.31044776119402984,104,0.31044776119402984,231,0.6895522388059702,18,0,0.0,7,0.3888888888888889,7,0.3888888888888889,11,0.6111111111111112
-86.1455,39.7625,314,0,0.0,160,0.5095541401273885,160,0.5095541401273885,154,0.49044585987261147,6,0,0.0,4,0.6666666666666666,4,0.6666666666666666,2,0.3333333333333333
-86.1455,39.763,315,0,0.0,165,0.5238095238095238,165,0.5238095238095238,150,0.47619047619047616,6,0,0.0,4,0.6666666666666666,4,0.6666666666666666,2,0.3333333333333333
-86.1455,39.7635,345,0,0.0,170,0.4927536231884058,170,0.4927536231884058,175,0.5072463768115942,6,0,0.0,4,0.6666666666666666,4,0.6666666666666666,2,0.3333333333333333
-86.1455,39.764,334,0,0.0,169,0.5059880239520959,169,0.5059880239520959,165,0.4940119760479042,6,0,0.0,4,0.6666666666666666,4,0.6666666666666666,2,0.3333333333333333
-86.1455,39.7645,340,0,0.0,175,0.5147058823529411,175,0.5147058823529411,165,0.4852941176470588,6,0,0.0,4,0.6666666666666666,4,0.6666666666666666,2,0.3333333333333333
-86.1455,39.765,330,0,0.0,170,0.5151515151515151,170,0.5151515151515151,160,0.48484848484848486,9,0,0.0,4,0.4444444444444444,4,0.4444444444444444,5,0.5555555555555556
-86.1455,39.7655,335,0,0.0,164,0.48955223880597015,164,0.48955223880597015,171,0.5104477611940299,13,0,0.0,7,0.5384615384615384,7,0.5384615384615384,6,0.46153846153846156
-86.1455,39.766,388,0,0.0,123,0.3170103092783505,123,0.3170103092783505,265,0.6829896907216495,14,0,0.0,7,0.5,7,0.5,7,0.5
-86.1455,39.7665,3349,0,0.0,1486,0.44371454165422514,1486,0.44371454165422514,1863,0.5562854583457748,29,0,0.0,20,0.6896551724137931,20,0.6896551724137931,9,0.3103448275862069
-86.1455,39.767,278,0,0.0,177,0.6366906474820144,177,0.6366906474820144,101,0.36330935251798563,4,0,0.0,2,0.5,2,0.5,2,0.5
-86.1455,39.7675,183,0,0.0,80,0.4371584699453552,80,0.4371584699453552,103,0.5628415300546448,6,0,0.0,3,0.5,3,0.5,3,0.5
-86.1455,39.768,4316,0,0.0,2931,0.6791010194624653,2931,0.6791010194624653,1385,0.32089898053753474,35,0,0.0,18,0.5142857142857142,18,0.5142857142857142,17,0.4857142857142857
-86.1455,39.7685,866,0,0.0,722,0.8337182448036952,722,0.8337182448036952,144,0.16628175519630484,16,0,0.0,9,0.5625,9,0.5625,7,0.4375
-86.1455,39.769,4937,0,0.0,3531,0.7152116670042536,3531,0.7152116670042536,1406,0.2847883329957464,17,0,0.0,11,0.6470588235294118,11,0.6470588235294118,6,0.35294117647058826
-86.1455,39.7695,2905,0,0.0,2313,0.7962134251290878,2313,0.7962134251290878,592,0.20378657487091223,40,0,0.0,30,0.75,30,0.75,10,0.25
-86.1455,39.77,1275,0,0.0,885,0.6941176470588235,885,0.6941176470588235,390,0.3058823529411765,18,0,0.0,9,0.5,9,0.5,9,0.5
-86.1455,39.7705,3904,0,0.0,2922,0.7484631147540983,2922,0.7484631147540983,982,0.2515368852459016,15,0,0.0,7,0.4666666666666667,7,0.4666666666666667,8,0.5333333333333333
-86.1455,39.771,2314,0,0.0,1648,0.7121866897147796,1648,0.7121866897147796,666,0.2878133102852204,35,0,0.0,17,0.4857142857142857,17,0.4857142857142857,18,0.5142857142857142
-86.1455,39.7715,742,0,0.0,585,0.7884097035040432,585,0.7884097035040432,157,0.21159029649595687,12,0,0.0,7,0.5833333333333334,7,0.5833333333333334,5,0.4166666666666667
-86.1455,39.772,640,0,0.0,446,0.696875,446,0.696875,194,0.303125,19,0,0.0,14,0.7368421052631579,14,0.7368421052631579,5,0.2631578947368421
-86.1455,39.7725,4000,0,0.0,1912,0.478,1912,0.478,2088,0.522,25,0,0.0,10,0.4,10,0.4,15,0.6
-86.1455,39.773,1,0,0.0,1,1.0,1,1.0,0,0.0,1,0,0.0,1,1.0,1,1.0,0,0.0
-86.1455,39.7735,593,0,0.0,149,0.25126475548060706,149,0.25126475548060706,444,0.7487352445193929,14,0,0.0,4,0.2857142857142857,4,0.2857142857142857,10,0.7142857142857143
-86.1455,39.775,1000,0,0.0,666,0.666,666,0.666,334,0.334,10,0,0.0,7,0.7,7,0.7,3,0.3
-86.1455,39.777,736,0,0.0,75,0.10190217391304347,75,0.10190217391304347,661,0.8980978260869565,4,0,0.0,1,0.25,1,0.25,3,0.75
-86.1455,39.7775,1622,0,0.0,0,0.0,0,0.0,1622,1.0,27,0,0.0,0,0.0,0,0.0,27,1.0
-86.1455,39.7805,769,0,0.0,21,0.027308192457737322,21,0.027308192457737322,748,0.9726918075422627,14,0,0.0,1,0.07142857142857142,1,0.07142857142857142,13,0.9285714285714286
-86.145,39.7665,391,0,0.0,346,0.8849104859335039,346,0.8849104859335039,45,0.11508951406649616,6,0,0.0,5,0.8333333333333334,5,0.8333333333333334,1,0.16666666666666666
-86.145,39.767,3,0,0.0,3,1.0,3,1.0,0,0.0,1,0,0.0,1,1.0,1,1.0,0,0.0
-86.145,39.769,37,0,0.0,37,1.0,37,1.0,0,0.0,1,0,0.0,1,1.0,1,1.0,0,0.0
-86.145,39.7695,438,0,0.0,429,0.9794520547945206,429,0.9794520547945206,9,0.02054794520547945,6,0,0.0,4,0.6666666666666666,4,0.6666666666666666,2,0.3333333333333333
-86.145,39.77,56,0,0.0,4,0.07142857142857142,4,0.07142857142857142,52,0.9285714285714286,3,0,0.0,1,0.3333333333333333,1,0.3333333333333333,2,0.6666666666666666
-86.145,39.7705,896,0,0.0,451,0.5033482142857143,451,0.5033482142857143,445,0.4966517857142857,8,0,0.0,4,0.5,4,0.5,4,0.5
-86.145,39.771,796,0,0.0,441,0.5540201005025126,441,0.5540201005025126,355,0.44597989949748745,19,0,0.0,8,0.42105263157894735,8,0.42105263157894735,11,0.5789473684210527
-86.145,39.7715,1125,0,0.0,702,0.624,702,0.624,423,0.376,19,0,0.0,9,0.47368421052631576,9,0.47368421052631576,10,0.5263157894736842
-86.145,39.772,2787,0,0.0,2127,0.7631862217438106,2127,0.7631862217438106,660,0.23681377825618946,49,0,0.0,24,0.4897959183673469,24,0.4897959183673469,25,0.5102040816326531
-86.145,39.7725,2015,0,0.0,801,0.3975186104218362,801,0.3975186104218362,1214,0.6024813895781638,38,0,0.0,17,0.4473684210526316,17,0.4473684210526316,21,0.5526315789473685
-86.145,39.773,3203,0,0.0,841,0.26256634405245083,841,0.26256634405245083,2362,0.7374336559475492,26,0,0.0,9,0.34615384615384615,9,0.34615384615384615,17,0.6538461538461539
-86.145,39.7735,5722,0,0.0,1883,0.32908074099965046,1883,0.32908074099965046,3839,0.6709192590003495,27,0,0.0,8,0.2962962962962963,8,0.2962962962962963,19,0.7037037037037037
-86.145,39.774,813,0,0.0,295,0.3628536285362854,295,0.3628536285362854,518,0.6371463714637147,13,0,0.0,6,0.46153846153846156,6,0.46153846153846156,7,0.5384615384615384
-86.145,39.7745,849,0,0.0,325,0.3828032979976443,325,0.3828032979976443,524,0.6171967020023557,47,0,0.0,19,0.40425531914893614,19,0.40425531914893614,28,0.5957446808510638
-86.145,39.775,1942,0,0.0,578,0.2976313079299691,578,0.2976313079299691,1364,0.7023686920700309,41,0,0.0,21,0.5121951219512195,21,0.5121951219512195,20,0.4878048780487805
-86.145,39.7755,439,0,0.0,30,0.0683371298405467,30,0.0683371298405467,409,0.9316628701594533,15,0,0.0,3,0.2,3,0.2,12,0.8
-86.145,39.776,424,0,0.0,93,0.21933962264150944,93,0.21933962264150944,331,0.7806603773584906,6,0,0.0,1,0.16666666666666666,1,0.16666666666666666,5,0.8333333333333334
-86.145,39.7765,17590,0,0.0,6239,0.35469016486640137,6239,0.35469016486640137,11351,0.6453098351335986,61,0,0.0,17,0.2786885245901639,17,0.2786885245901639,44,0.7213114754098361
-86.145,39.777,2521,0,0.0,1015,0.40261800872669573,1015,0.40261800872669573,1506,0.5973819912733043,7,0,0.0,1,0.14285714285714285,1,0.14285714285714285,6,0.8571428571428571
-86.145,39.7775,8997,0,0.0,217,0.024119150828053795,217,0.024119150828053795,8780,0.9758808491719462,19,0,0.0,2,0.10526315789473684,2,0.10526315789473684,17,0.8947368421052632
-86.145,39.778,1014,0,0.0,152,0.14990138067061143,152,0.14990138067061143,862,0.8500986193293886,11,0,0.0,2,0.18181818181818182,2,0.18181818181818182,9,0.8181818181818182
-86.145,39.7785,1093,0,0.0,137,0.1253430924062214,137,0.1253430924062214,956,0.8746569075937786,11,0,0.0,2,0.18181818181818182,2,0.18181818181818182,9,0.8181818181818182
-86.145,39.779,1602,0,0.0,155,0.09675405742821473,155,0.09675405742821473,1447,0.9032459425717853,11,0,0.0,2,0.18181818181818182,2,0.18181818181818182,9,0.8181818181818182
-86.145,39.7795,1314,0,0.0,242,0.1841704718417047,242,0.1841704718417047,1072,0.8158295281582952,19,0,0.0,2,0.10526315789473684,2,0.10526315789473684,17,0.8947368421052632
-86.145,39.78,2357,0,0.0,264,0.1120067882901994,264,0.1120067882901994,2093,0.8879932117098006,33,0,0.0,7,0.21212121212121213,7,0.21212121212121213,26,0.7878787878787878
-86.145,39.7805,6246,0,0.0,566,0.09061799551713097,566,0.09061799551713097,5680,0.909382004482869,27,0,0.0,5,0.18518518518518517,5,0.18518518518518517,22,0.8148148148148148
