grid_lat,grid_lon,total_sample,mw_sample,mw_ratio,sub6_sample,sub6_ratio,5g_sample,5g_sample,lte_sample,lte_ratio,total_cs_sample,mw_cs_sample,mw_cs_ratio,sub6_cs_sample,sub6_cs_ratio,5g_cs_sample,5g_cs_sample,lte_cs_sample,lte_cs_ratio
-86.1675,39.7565,3,2,0.6666666666666666,0,0.0,2,0.6666666666666666,1,0.3333333333333333,2,1,0.5,0,0.0,1,0.5,1,0.5
-86.1675,39.7605,1,0,0.0,0,0.0,0,0.0,1,1.0,1,0,0.0,0,0.0,0,0.0,1,1.0
-86.167,39.752,27,0,0.0,0,0.0,0,0.0,27,1.0,1,0,0.0,0,0.0,0,0.0,1,1.0
-86.167,39.7525,63,0,0.0,0,0.0,0,0.0,63,1.0,3,0,0.0,0,0.0,0,0.0,3,1.0
-86.167,39.753,44,0,0.0,0,0.0,0,0.0,44,1.0,2,0,0.0,0,0.0,0,0.0,2,1.0
-86.167,39.7535,59,0,0.0,0,0.0,0,0.0,59,1.0,2,0,0.0,0,0.0,0,0.0,2,1.0
-86.167,39.754,50,0,0.0,0,0.0,0,0.0,50,1.0,2,0,0.0,0,0.0,0,0.0,2,1.0
-86.167,39.7545,22,8,0.36363636363636365,0,0.0,8,0.36363636363636365,14,0.6363636363636364,2,1,0.5,0,0.0,1,0.5,1,0.5
-86.167,39.755,1335,81,0.060674157303370786,80,0.0599250936329588,161,0.12059925093632959,1174,0.8794007490636704,73,4,0.0547945205479452,3,0.0410958904109589,7,0.0958904109589041,66,0.9041095890410958
-86.167,39.7555,3570,453,0.126890756302521,140,0.0392156862745098,593,0.1661064425770308,2977,0.8338935574229692,122,22,0.18032786885245902,6,0.04918032786885246,28,0.22950819672131148,94,0.7704918032786885
-86.167,39.756,3529,1209,0.3425899688296968,74,0.020969113063190707,1283,0.3635590818928875,2246,0.6364409181071125,93,20,0.21505376344086022,4,0.043010752688172046,24,0.25806451612903225,69,0.7419354838709677
-86.167,39.7565,20344,6374,0.31331104994101455,683,0.03357255210381439,7057,0.34688360204482893,13287,0.6531163979551711,126,26,0.20634920634920634,5,0.03968253968253968,31,0.24603174603174602,95,0.753968253968254
-86.167,39.757,5889,3035,0.5153676345729326,169,0.02869757174392936,3204,0.544065206316862,2685,0.45593479368313805,114,33,0.2894736842105263,13,0.11403508771929824,46,0.40350877192982454,68,0.5964912280701754
-86.167,39.7575,3546,470,0.13254371122391426,848,0.23914269599548788,1318,0.37168640721940216,2228,0.6283135927805978,215,39,0.1813953488372093,35,0.16279069767441862,74,0.34418604651162793,141,0.6558139534883721
-86.167,39.758,3369,11,0.003265063817156426,1277,0.3790442267735233,1288,0.3823092905906797,2081,0.6176907094093202,108,2,0.018518518518518517,38,0.35185185185185186,40,0.37037037037037035,68,0.6296296296296297
-86.167,39.7585,3300,0,0.0,1368,0.41454545454545455,1368,0.41454545454545455,1932,0.5854545454545454,82,0,0.0,33,0.4024390243902439,33,0.4024390243902439,49,0.5975609756097561
-86.167,39.759,3503,0,0.0,1217,0.3474165001427348,1217,0.3474165001427348,2286,0.6525834998572652,79,0,0.0,30,0.379746835443038,30,0.379746835443038,49,0.620253164556962
-86.167,39.7595,3537,0,0.0,1140,0.32230703986429177,1140,0.32230703986429177,2397,0.6776929601357082,71,0,0.0,22,0.30985915492957744,22,0.30985915492957744,49,0.6901408450704225
-86.167,39.76,3790,0,0.0,790,0.20844327176781002,790,0.20844327176781002,3000,0.7915567282321899,102,0,0.0,30,0.29411764705882354,30,0.29411764705882354,72,0.7058823529411765
-86.167,39.7605,5870,399,0.06797274275979558,813,0.1385008517887564,1212,0.20647359454855196,4658,0.793526405451448,181,13,0.0718232044198895,38,0.20994475138121546,51,0.281767955801105,130,0.7182320441988951
-86.167,39.761,5488,620,0.1129737609329446,1255,0.2286807580174927,1875,0.3416545189504373,3613,0.6583454810495627,102,12,0.11764705882352941,22,0.21568627450980393,34,0.3333333333333333,68,0.6666666666666666
-86.1665,39.7515,14989,0,0.0,2388,0.15931683234371874,2388,0.15931683234371874,12601,0.8406831676562813,92,0,0.0,34,0.3695652173913043,34,0.3695652173913043,58,0.6304347826086957
-86.1665,39.752,4609,0,0.0,795,0.17248860924278586,795,0.17248860924278586,3814,0.8275113907572141,87,0,0.0,27,0.3103448275862069,27,0.3103448275862069,60,0.6896551724137931
-86.1665,39.7525,3234,0,0.0,573,0.17717996289424862,573,0.17717996289424862,2661,0.8228200371057514,99,0,0.0,22,0.2222222222222222,22,0.2222222222222222,77,0.7777777777777778
-86.1665,39.753,7513,80,0.010648209769732464,1717,0.228537202182883,1797,0.23918541195261547,5716,0.7608145880473846,169,5,0.029585798816568046,26,0.15384615384615385,31,0.1834319526627219,138,0.8165680473372781
-86.1665,39.7535,3707,158,0.042622066360938765,863,0.23280280550310223,1021,0.27542487186404097,2686,0.724575128135959,133,3,0.022556390977443608,23,0.17293233082706766,26,0.19548872180451127,107,0.8045112781954887
-86.1665,39.754,8038,112,0.013933814381686987,2132,0.2652401094799701,2244,0.2791739238616571,5794,0.7208260761383428,61,4,0.06557377049180328,15,0.2459016393442623,19,0.3114754098360656,42,0.6885245901639344
-86.1665,39.7545,3879,126,0.03248259860788863,361,0.09306522299561742,487,0.12554782160350605,3392,0.8744521783964939,50,4,0.08,9,0.18,13,0.26,37,0.74
-86.1665,39.755,2049,48,0.02342606149341142,95,0.04636408003904344,143,0.06979014153245486,1906,0.9302098584675451,61,4,0.06557377049180328,4,0.06557377049180328,8,0.13114754098360656,53,0.8688524590163934
-86.1665,39.7565,12634,2730,0.2160835839797372,1225,0.09696058255501029,3955,0.3130441665347475,8679,0.6869558334652525,164,35,0.21341463414634146,7,0.042682926829268296,42,0.25609756097560976,122,0.7439024390243902
-86.1665,39.759,34,0,0.0,34,1.0,34,1.0,0,0.0,1,0,0.0,1,1.0,1,1.0,0,0.0
-86.166,39.7515,1698,0,0.0,2,0.001177856301531213,2,0.001177856301531213,1696,0.9988221436984688,34,0,0.0,2,0.058823529411764705,2,0.058823529411764705,32,0.9411764705882353
-86.166,39.752,2006,0,0.0,494,0.24626121635094717,494,0.24626121635094717,1512,0.7537387836490529,68,0,0.0,20,0.29411764705882354,20,0.29411764705882354,48,0.7058823529411765
-86.166,39.7525,8724,0,0.0,2473,0.2834708849151765,2473,0.2834708849151765,6251,0.7165291150848234,120,0,0.0,30,0.25,30,0.25,90,0.75
-86.166,39.753,3991,0,0.0,862,0.21598596842896517,862,0.21598596842896517,3129,0.7840140315710348,76,0,0.0,24,0.3157894736842105,24,0.3157894736842105,52,0.6842105263157895
-86.166,39.7535,2963,0,0.0,530,0.17887276409044886,530,0.17887276409044886,2433,0.8211272359095512,88,0,0.0,19,0.2159090909090909,19,0.2159090909090909,69,0.7840909090909091
-86.166,39.754,3217,0,0.0,308,0.09574137395088592,308,0.09574137395088592,2909,0.9042586260491141,57,0,0.0,7,0.12280701754385964,7,0.12280701754385964,50,0.8771929824561403
-86.166,39.7545,2031,0,0.0,285,0.14032496307237813,285,0.14032496307237813,1746,0.8596750369276218,50,0,0.0,8,0.16,8,0.16,42,0.84
-86.166,39.755,1498,0,0.0,225,0.15020026702269693,225,0.15020026702269693,1273,0.849799732977303,44,0,0.0,7,0.1590909090909091,7,0.1590909090909091,37,0.8409090909090909
-86.166,39.7555,76,0,0.0,3,0.039473684210526314,3,0.039473684210526314,73,0.9605263157894737,14,0,0.0,1,0.07142857142857142,1,0.07142857142857142,13,0.9285714285714286
-86.166,39.7565,14284,911,0.06377765331839821,1066,0.07462895547465696,1977,0.13840660879305516,12307,0.8615933912069448,169,18,0.10650887573964497,11,0.0650887573964497,29,0.17159763313609466,140,0.8284023668639053
-86.166,39.759,38,24,0.631578947368421,9,0.23684210526315788,33,0.8684210526315789,5,0.13157894736842105,3,1,0.3333333333333333,1,0.3333333333333333,2,0.6666666666666666,1,0.3333333333333333
-86.1655,39.7515,1405,0,0.0,0,0.0,0,0.0,1405,1.0,31,0,0.0,0,0.0,0,0.0,31,1.0
-86.1655,39.754,109,0,0.0,109,1.0,109,1.0,0,0.0,2,0,0.0,2,1.0,2,1.0,0,0.0
-86.1655,39.7545,63,0,0.0,34,0.5396825396825397,34,0.5396825396825397,29,0.4603174603174603,4,0,0.0,2,0.5,2,0.5,2,0.5
-86.1655,39.755,450,0,0.0,99,0.22,99,0.22,351,0.78,34,0,0.0,7,0.20588235294117646,7,0.20588235294117646,27,0.7941176470588235
-86.1655,39.7555,1986,32,0.016112789526686808,336,0.1691842900302115,368,0.18529707955689828,1618,0.8147029204431017,54,2,0.037037037037037035,9,0.16666666666666666,11,0.2037037037037037,43,0.7962962962962963
-86.1655,39.756,8295,3879,0.4676311030741411,1218,0.1468354430379747,5097,0.6144665461121157,3198,0.3855334538878843,93,23,0.24731182795698925,9,0.0967741935483871,32,0.34408602150537637,61,0.6559139784946236
-86.1655,39.7565,42339,14887,0.3516143508349276,6462,0.1526252391412173,21349,0.5042395899761449,20990,0.49576041002385507,221,74,0.334841628959276,15,0.06787330316742081,89,0.40271493212669685,132,0.5972850678733032
-86.1655,39.757,5401,3180,0.5887798555822996,330,0.06109979633401222,3510,0.6498796519163118,1891,0.3501203480836882,97,35,0.36082474226804123,8,0.08247422680412371,43,0.44329896907216493,54,0.5567010309278351
-86.1655,39.7575,4795,2039,0.42523461939520335,278,0.057977059436913454,2317,0.4832116788321168,2478,0.5167883211678832,230,86,0.3739130434782609,7,0.030434782608695653,93,0.4043478260869565,137,0.5956521739130435
-86.1655,39.758,4610,1733,0.3759219088937093,275,0.0596529284164859,2008,0.4355748373101952,2602,0.5644251626898048,188,62,0.32978723404255317,8,0.0425531914893617,70,0.3723404255319149,118,0.6276595744680851
-86.1655,39.7585,4620,2024,0.4380952380952381,330,0.07142857142857142,2354,0.5095238095238095,2266,0.49047619047619045,165,66,0.4,12,0.07272727272727272,78,0.4727272727272727,87,0.5272727272727272
-86.1655,39.759,4625,2101,0.4542702702702703,335,0.07243243243243243,2436,0.5267027027027027,2189,0.4732972972972973,184,82,0.44565217391304346,13,0.07065217391304347,95,0.5163043478260869,89,0.483695652173913
-86.1655,39.7595,4498,2028,0.4508670520231214,310,0.0689195197865718,2338,0.5197865718096932,2160,0.4802134281903068,323,140,0.43343653250773995,9,0.02786377708978328,149,0.4613003095975232,174,0.5386996904024768
-86.1655,39.76,4661,2728,0.5852821282986483,414,0.08882214117142244,3142,0.6741042694700707,1519,0.3258957305299292,146,73,0.5,12,0.0821917808219178,85,0.5821917808219178,61,0.4178082191780822
-86.1655,39.7605,5247,2986,0.5690870973889842,499,0.09510196302649133,3485,0.6641890604154755,1762,0.3358109395845245,197,99,0.5025380710659898,16,0.08121827411167512,115,0.583756345177665,82,0.41624365482233505
-86.1655,39.761,18012,7464,0.41439040639573615,579,0.03214523650899401,8043,0.44653564290473013,9969,0.5534643570952699,242,99,0.4090909090909091,17,0.07024793388429752,116,0.4793388429752066,126,0.5206611570247934
-86.1655,39.7615,1,0,0.0,0,0.0,0,0.0,1,1.0,1,0,0.0,0,0.0,0,0.0,1,1.0
-86.165,39.7515,1367,0,0.0,0,0.0,0,0.0,1367,1.0,29,0,0.0,0,0.0,0,0.0,29,1.0
-86.165,39.754,54,0,0.0,54,1.0,54,1.0,0,0.0,2,0,0.0,2,1.0,2,1.0,0,0.0
-86.165,39.7565,9929,2379,0.23960116829489375,2197,0.22127102427233356,4576,0.46087219256722733,5353,0.5391278074327727,154,67,0.43506493506493504,7,0.045454545454545456,74,0.4805194805194805,80,0.5194805194805194
-86.165,39.76,20,11,0.55,0,0.0,11,0.55,9,0.45,2,1,0.5,0,0.0,1,0.5,1,0.5
-86.165,39.7605,78,25,0.32051282051282054,0,0.0,25,0.32051282051282054,53,0.6794871794871795,4,1,0.25,0,0.0,1,0.25,3,0.75
-86.165,39.761,880,723,0.821590909090909,0,0.0,723,0.821590909090909,157,0.1784090909090909,24,12,0.5,0,0.0,12,0.5,12,0.5
-86.1645,39.7515,1359,0,0.0,0,0.0,0,0.0,1359,1.0,30,0,0.0,0,0.0,0,0.0,30,1.0
-86.1645,39.754,48,0,0.0,48,1.0,48,1.0,0,0.0,2,0,0.0,2,1.0,2,1.0,0,0.0
-86.1645,39.7565,3250,1162,0.3575384615384615,922,0.2836923076923077,2084,0.6412307692307693,1166,0.3587692307692308,68,21,0.3088235294117647,7,0.10294117647058823,28,0.4117647058823529,40,0.5882352941176471
-86.164,39.7515,1318,0,0.0,0,0.0,0,0.0,1318,1.0,28,0,0.0,0,0.0,0,0.0,28,1.0
-86.164,39.754,48,0,0.0,32,0.6666666666666666,32,0.6666666666666666,16,0.3333333333333333,4,0,0.0,2,0.5,2,0.5,2,0.5
-86.164,39.7565,3148,1216,0.386277001270648,840,0.2668360864040661,2056,0.6531130876747141,1092,0.3468869123252859,72,16,0.2222222222222222,15,0.20833333333333334,31,0.4305555555555556,41,0.5694444444444444
-86.164,39.761,3,0,0.0,3,1.0,3,1.0,0,0.0,1,0,0.0,1,1.0,1,1.0,0,0.0
-86.1635,39.7515,1275,0,0.0,0,0.0,0,0.0,1275,1.0,28,0,0.0,0,0.0,0,0.0,28,1.0
-86.1635,39.7535,22,0,0.0,15,0.6818181818181818,15,0.6818181818181818,7,0.3181818181818182,3,0,0.0,2,0.6666666666666666,2,0.6666666666666666,1,0.3333333333333333
-86.1635,39.754,24,0,0.0,3,0.125,3,0.125,21,0.875,3,0,0.0,1,0.3333333333333333,1,0.3333333333333333,2,0.6666666666666666
-86.1635,39.7565,3170,1088,0.34321766561514194,902,0.28454258675078864,1990,0.6277602523659306,1180,0.3722397476340694,158,59,0.37341772151898733,22,0.13924050632911392,81,0.5126582278481012,77,0.4873417721518987
-86.163,39.7515,1234,0,0.0,0,0.0,0,0.0,1234,1.0,28,0,0.0,0,0.0,0,0.0,28,1.0
-86.163,39.7535,46,0,0.0,46,1.0,46,1.0,0,0.0,2,0,0.0,2,1.0,2,1.0,0,0.0
-86.163,39.7565,9190,6922,0.7532100108813928,965,0.10500544069640914,7887,0.858215451577802,1303,0.14178454842219804,116,37,0.31896551724137934,24,0.20689655172413793,61,0.5258620689655172,55,0.47413793103448276
-86.163,39.761,136,0,0.0,0,0.0,0,0.0,136,1.0,8,0,0.0,0,0.0,0,0.0,8,1.0
-86.1625,39.7515,1250,0,0.0,0,0.0,0,0.0,1250,1.0,28,0,0.0,0,0.0,0,0.0,28,1.0
-86.1625,39.7535,42,0,0.0,42,1.0,42,1.0,0,0.0,2,0,0.0,2,1.0,2,1.0,0,0.0
-86.1625,39.7565,3393,1408,0.4149720011788977,884,0.26053639846743293,2292,0.6755083996463307,1101,0.3244916003536693,87,21,0.2413793103448276,22,0.25287356321839083,43,0.4942528735632184,44,0.5057471264367817
-86.1625,39.761,552,13,0.02355072463768116,0,0.0,13,0.02355072463768116,539,0.9764492753623188,25,1,0.04,0,0.0,1,0.04,24,0.96
-86.162,39.7515,1234,0,0.0,0,0.0,0,0.0,1234,1.0,28,0,0.0,0,0.0,0,0.0,28,1.0
-86.162,39.7535,42,0,0.0,42,1.0,42,1.0,0,0.0,2,0,0.0,2,1.0,2,1.0,0,0.0
-86.162,39.7565,30411,18448,0.6066226036631482,3880,0.1275854131728651,22328,0.7342080168360133,8083,0.2657919831639867,397,174,0.43828715365239296,30,0.07556675062972293,204,0.5138539042821159,193,0.48614609571788414
-86.162,39.757,6421,3986,0.620775580127706,185,0.028811711571406322,4171,0.6495872916991122,2250,0.3504127083008877,193,103,0.533678756476684,9,0.046632124352331605,112,0.5803108808290155,81,0.41968911917098445
-86.162,39.7575,4425,2902,0.655819209039548,68,0.015367231638418079,2970,0.6711864406779662,1455,0.3288135593220339,212,97,0.45754716981132076,5,0.02358490566037736,102,0.4811320754716981,110,0.5188679245283019
-86.162,39.758,3801,1172,0.3083399105498553,75,0.01973164956590371,1247,0.32807156011575905,2554,0.671928439884241,239,78,0.3263598326359833,3,0.012552301255230125,81,0.3389121338912134,158,0.6610878661087866
-86.162,39.7585,3208,1034,0.32231920199501246,71,0.02213216957605985,1105,0.3444513715710723,2103,0.6555486284289277,103,38,0.36893203883495146,3,0.02912621359223301,41,0.39805825242718446,62,0.6019417475728155
-86.162,39.759,2930,1009,0.34436860068259384,10,0.0034129692832764505,1019,0.3477815699658703,1911,0.6522184300341297,96,33,0.34375,2,0.020833333333333332,35,0.3645833333333333,61,0.6354166666666666
-86.162,39.7595,2592,421,0.16242283950617284,0,0.0,421,0.16242283950617284,2171,0.8375771604938271,107,28,0.2616822429906542,0,0.0,28,0.2616822429906542,79,0.7383177570093458
-86.162,39.76,6912,2077,0.30049189814814814,0,0.0,2077,0.30049189814814814,4835,0.6995081018518519,111,13,0.11711711711711711,0,0.0,13,0.11711711711711711,98,0.8828828828828829
-86.162,39.7605,1651,120,0.0726832222895215,0,0.0,120,0.0726832222895215,1531,0.9273167777104785,17,3,0.17647058823529413,0,0.0,3,0.17647058823529413,14,0.8235294117647058
-86.162,39.761,5571,14,0.0025130138215760187,0,0.0,14,0.0025130138215760187,5557,0.997486986178424,50,2,0.04,0,0.0,2,0.04,48,0.96
-86.1615,39.7515,1229,0,0.0,0,0.0,0,0.0,1229,1.0,28,0,0.0,0,0.0,0,0.0,28,1.0
-86.1615,39.7535,42,0,0.0,42,1.0,42,1.0,0,0.0,2,0,0.0,2,1.0,2,1.0,0,0.0
-86.1615,39.7565,8213,3438,0.4186046511627907,1127,0.13722147814440522,4565,0.555826129307196,3648,0.4441738706928041,114,36,0.3157894736842105,19,0.16666666666666666,55,0.4824561403508772,59,0.5175438596491229
-86.1615,39.757,21,3,0.14285714285714285,0,0.0,3,0.14285714285714285,18,0.8571428571428571,2,1,0.5,0,0.0,1,0.5,1,0.5
-86.1615,39.7575,87,45,0.5172413793103449,0,0.0,45,0.5172413793103449,42,0.4827586206896552,6,2,0.3333333333333333,0,0.0,2,0.3333333333333333,4,0.6666666666666666
-86.1615,39.758,435,26,0.059770114942528735,0,0.0,26,0.059770114942528735,409,0.9402298850574713,23,4,0.17391304347826086,0,0.0,4,0.17391304347826086,19,0.8260869565217391
-86.1615,39.7585,975,108,0.11076923076923077,49,0.050256410256410255,157,0.16102564102564104,818,0.838974358974359,36,6,0.16666666666666666,1,0.027777777777777776,7,0.19444444444444445,29,0.8055555555555556
-86.1615,39.759,1763,296,0.16789563244469655,299,0.16959727736812252,595,0.3374929098128191,1168,0.6625070901871809,41,4,0.0975609756097561,3,0.07317073170731707,7,0.17073170731707318,34,0.8292682926829268
-86.1615,39.7595,1654,165,0.09975816203143893,0,0.0,165,0.09975816203143893,1489,0.900241837968561,49,3,0.061224489795918366,0,0.0,3,0.061224489795918366,46,0.9387755102040817
-86.1615,39.76,2340,497,0.2123931623931624,0,0.0,497,0.2123931623931624,1843,0.7876068376068376,131,20,0.15267175572519084,0,0.0,20,0.15267175572519084,111,0.8473282442748091
-86.1615,39.7605,3123,917,0.2936279218699968,0,0.0,917,0.2936279218699968,2206,0.7063720781300032,55,19,0.34545454545454546,0,0.0,19,0.34545454545454546,36,0.6545454545454545
-86.1615,39.761,9054,4311,0.4761431411530815,0,0.0,4311,0.4761431411530815,4743,0.5238568588469185,183,76,0.41530054644808745,0,0.0,76,0.41530054644808745,107,0.5846994535519126
-86.1615,39.7615,1,1,1.0,0,0.0,1,1.0,0,0.0,1,1,1.0,0,0.0,1,1.0,0,0.0
-86.161,39.7515,1212,0,0.0,0,0.0,0,0.0,1212,1.0,28,0,0.0,0,0.0,0,0.0,28,1.0
-86.161,39.7535,38,0,0.0,38,1.0,38,1.0,0,0.0,2,0,0.0,2,1.0,2,1.0,0,0.0
-86.161,39.7565,4722,1529,0.3238034731046167,686,0.14527742481999154,2215,0.4690808979246083,2507,0.5309191020753918,177,51,0.288135593220339,18,0.1016949152542373,69,0.3898305084745763,108,0.6101694915254238
-86.161,39.7585,19,9,0.47368421052631576,8,0.42105263157894735,17,0.894736842105263,2,0.10526315789473684,3,1,0.3333333333333333,1,0.3333333333333333,2,0.6666666666666666,1,0.3333333333333333
-86.161,39.759,252,38,0.15079365079365079,188,0.746031746031746,226,0.8968253968253969,26,0.10317460317460317,5,1,0.2,3,0.6,4,0.8,1,0.2
-86.161,39.761,2544,1046,0.4111635220125786,0,0.0,1046,0.4111635220125786,1498,0.5888364779874213,87,41,0.47126436781609193,0,0.0,41,0.47126436781609193,46,0.5287356321839081
-86.1605,39.7515,1522,0,0.0,0,0.0,0,0.0,1522,1.0,28,0,0.0,0,0.0,0,0.0,28,1.0
-86.1605,39.7535,38,0,0.0,38,1.0,38,1.0,0,0.0,2,0,0.0,2,1.0,2,1.0,0,0.0
-86.1605,39.756,81,0,0.0,0,0.0,0,0.0,81,1.0,1,0,0.0,0,0.0,0,0.0,1,1.0
-86.1605,39.7565,16506,970,0.05876650914818854,3737,0.22640252029565006,4707,0.2851690294438386,11799,0.7148309705561614,144,17,0.11805555555555555,31,0.2152777777777778,48,0.3333333333333333,96,0.6666666666666666
-86.1605,39.7585,51,41,0.803921568627451,0,0.0,41,0.803921568627451,10,0.19607843137254902,2,1,0.5,0,0.0,1,0.5,1,0.5
-86.1605,39.759,764,8,0.010471204188481676,730,0.9554973821989529,738,0.9659685863874345,26,0.034031413612565446,8,1,0.125,6,0.75,7,0.875,1,0.125
-86.1605,39.761,2727,1725,0.6325632563256326,45,0.0165016501650165,1770,0.6490649064906491,957,0.3509350935093509,132,63,0.4772727272727273,2,0.015151515151515152,65,0.49242424242424243,67,0.5075757575757576
-86.16,39.7515,1584,0,0.0,0,0.0,0,0.0,1584,1.0,28,0,0.0,0,0.0,0,0.0,28,1.0
-86.16,39.7535,38,0,0.0,38,1.0,38,1.0,0,0.0,2,0,0.0,2,1.0,2,1.0,0,0.0
-86.16,39.756,198,0,0.0,27,0.13636363636363635,27,0.13636363636363635,171,0.8636363636363636,2,0,0.0,1,0.5,1,0.5,1,0.5
-86.16,39.7565,11370,146,0.012840809146877748,2520,0.22163588390501318,2666,0.23447669305189092,8704,0.7655233069481091,167,2,0.011976047904191617,32,0.19161676646706588,34,0.20359281437125748,133,0.7964071856287425
-86.16,39.757,4157,73,0.017560740918931922,556,0.13375030069761848,629,0.1513110416165504,3528,0.8486889583834496,170,2,0.011764705882352941,17,0.1,19,0.11176470588235295,151,0.888235294117647
-86.16,39.7575,3879,23,0.005929363237947924,495,0.12761020881670534,518,0.13353957205465328,3361,0.8664604279453467,92,1,0.010869565217391304,20,0.21739130434782608,21,0.22826086956521738,71,0.7717391304347826
-86.16,39.758,4185,0,0.0,458,0.10943847072879331,458,0.10943847072879331,3727,0.8905615292712067,142,0,0.0,18,0.1267605633802817,18,0.1267605633802817,124,0.8732394366197183
-86.16,39.7585,20122,476,0.023655700228605508,1932,0.0960143126925753,2408,0.1196700129211808,17714,0.8803299870788192,263,16,0.060836501901140684,28,0.10646387832699619,44,0.16730038022813687,219,0.8326996197718631
-86.16,39.759,5901,168,0.028469750889679714,773,0.13099474665310964,941,0.15946449754278935,4960,0.8405355024572106,225,10,0.044444444444444446,18,0.08,28,0.12444444444444444,197,0.8755555555555555
-86.16,39.7595,5157,0,0.0,327,0.06340895869691682,327,0.06340895869691682,4830,0.9365910413030832,111,0,0.0,12,0.10810810810810811,12,0.10810810810810811,99,0.8918918918918919
-86.16,39.76,4750,0,0.0,325,0.06842105263157895,325,0.06842105263157895,4425,0.9315789473684211,105,0,0.0,9,0.08571428571428572,9,0.08571428571428572,96,0.9142857142857143
-86.16,39.7605,21858,10843,0.4960655137707018,382,0.017476438832464088,11225,0.5135419526031659,10633,0.4864580473968341,121,9,0.0743801652892562,9,0.0743801652892562,18,0.1487603305785124,103,0.8512396694214877
-86.16,39.761,26780,13470,0.5029873039581777,991,0.03700522778192681,14461,0.5399925317401045,12319,0.46000746825989547,269,108,0.40148698884758366,18,0.06691449814126393,126,0.4684014869888476,143,0.5315985130111525
-86.16,39.7615,3,2,0.6666666666666666,1,0.3333333333333333,3,1.0,0,0.0,3,2,0.6666666666666666,1,0.3333333333333333,3,1.0,0,0.0
-86.1595,39.7515,1924,0,0.0,0,0.0,0,0.0,1924,1.0,28,0,0.0,0,0.0,0,0.0,28,1.0
-86.1595,39.7535,35,0,0.0,35,1.0,35,1.0,0,0.0,2,0,0.0,2,1.0,2,1.0,0,0.0
-86.1595,39.756,189,0,0.0,104,0.5502645502645502,104,0.5502645502645502,85,0.4497354497354497,3,0,0.0,1,0.3333333333333333,1,0.3333333333333333,2,0.6666666666666666
-86.1595,39.7565,5657,0,0.0,1490,0.2633904896588298,1490,0.2633904896588298,4167,0.7366095103411703,71,0,0.0,27,0.38028169014084506,27,0.38028169014084506,44,0.6197183098591549
-86.1595,39.757,497,0,0.0,34,0.06841046277665996,34,0.06841046277665996,463,0.93158953722334,25,0,0.0,2,0.08,2,0.08,23,0.92
-86.1595,39.7575,1115,0,0.0,87,0.07802690582959641,87,0.07802690582959641,1028,0.9219730941704036,38,0,0.0,3,0.07894736842105263,3,0.07894736842105263,35,0.9210526315789473
-86.1595,39.758,1020,0,0.0,87,0.08529411764705883,87,0.08529411764705883,933,0.9147058823529411,27,0,0.0,2,0.07407407407407407,2,0.07407407407407407,25,0.9259259259259259
-86.1595,39.7585,5,0,0.0,0,0.0,0,0.0,5,1.0,2,0,0.0,0,0.0,0,0.0,2,1.0
-86.1595,39.759,161,0,0.0,123,0.7639751552795031,123,0.7639751552795031,38,0.2360248447204969,9,0,0.0,5,0.5555555555555556,5,0.5555555555555556,4,0.4444444444444444
-86.1595,39.7595,42,0,0.0,0,0.0,0,0.0,42,1.0,1,0,0.0,0,0.0,0,0.0,1,1.0
-86.1595,39.76,37,0,0.0,0,0.0,0,0.0,37,1.0,1,0,0.0,0,0.0,0,0.0,1,1.0
-86.1595,39.761,2928,1978,0.6755464480874317,327,0.11168032786885246,2305,0.7872267759562841,623,0.21277322404371585,70,41,0.5857142857142857,8,0.11428571428571428,49,0.7,21,0.3
-86.159,39.7515,9702,0,0.0,0,0.0,0,0.0,9702,1.0,28,0,0.0,0,0.0,0,0.0,28,1.0
-86.159,39.752,1543,0,0.0,0,0.0,0,0.0,1543,1.0,23,0,0.0,0,0.0,0,0.0,23,1.0
-86.159,39.7525,1318,0,0.0,0,0.0,0,0.0,1318,1.0,23,0,0.0,0,0.0,0,0.0,23,1.0
-86.159,39.753,1251,0,0.0,0,0.0,0,0.0,1251,1.0,23,0,0.0,0,0.0,0,0.0,23,1.0
-86.159,39.7535,1289,0,0.0,34,0.026377036462373934,34,0.026377036462373934,1255,0.9736229635376261,25,0,0.0,2,0.08,2,0.08,23,0.92
-86.159,39.754,1255,0,0.0,0,0.0,0,0.0,1255,1.0,28,0,0.0,0,0.0,0,0.0,28,1.0
-86.159,39.7545,1243,0,0.0,21,0.016894609814963796,21,0.016894609814963796,1222,0.9831053901850362,54,0,0.0,6,0.1111111111111111,6,0.1111111111111111,48,0.8888888888888888
-86.159,39.755,1262,0,0.0,288,0.22820919175911253,288,0.22820919175911253,974,0.7717908082408875,42,0,0.0,12,0.2857142857142857,12,0.2857142857142857,30,0.7142857142857143
-86.159,39.7555,1457,0,0.0,216,0.14824982841455045,216,0.14824982841455045,1241,0.8517501715854495,49,0,0.0,12,0.24489795918367346,12,0.24489795918367346,37,0.7551020408163265
-86.159,39.756,6294,0,0.0,519,0.08245948522402288,519,0.08245948522402288,5775,0.9175405147759771,64,0,0.0,14,0.21875,14,0.21875,50,0.78125
-86.159,39.7565,9620,0,0.0,2598,0.27006237006237005,2598,0.27006237006237005,7022,0.7299376299376299,92,0,0.0,28,0.30434782608695654,28,0.30434782608695654,64,0.6956521739130435
-86.159,39.757,696,0,0.0,58,0.08333333333333333,58,0.08333333333333333,638,0.9166666666666666,25,0,0.0,2,0.08,2,0.08,23,0.92
-86.159,39.7585,33,0,0.0,0,0.0,0,0.0,33,1.0,3,0,0.0,0,0.0,0,0.0,3,1.0
-86.159,39.759,92,0,0.0,0,0.0,0,0.0,92,1.0,5,0,0.0,0,0.0,0,0.0,5,1.0
-86.159,39.761,2773,1714,0.6181031373963217,200,0.0721240533717995,1914,0.6902271907681212,859,0.30977280923187883,84,43,0.5119047619047619,6,0.07142857142857142,49,0.5833333333333334,35,0.4166666666666667
-86.1585,39.7515,194,0,0.0,0,0.0,0,0.0,194,1.0,6,0,0.0,0,0.0,0,0.0,6,1.0
-86.1585,39.7525,11,0,0.0,11,1.0,11,1.0,0,0.0,1,0,0.0,1,1.0,1,1.0,0,0.0
-86.1585,39.7535,34,0,0.0,26,0.7647058823529411,26,0.7647058823529411,8,0.23529411764705882,3,0,0.0,2,0.6666666666666666,2,0.6666666666666666,1,0.3333333333333333
-86.1585,39.756,497,0,0.0,222,0.44668008048289737,222,0.44668008048289737,275,0.5533199195171026,15,0,0.0,9,0.6,9,0.6,6,0.4
-86.1585,39.7565,2823,0,0.0,941,0.3333333333333333,941,0.3333333333333333,1882,0.6666666666666666,65,0,0.0,27,0.4153846153846154,27,0.4153846153846154,38,0.5846153846153846
-86.1585,39.7585,133,0,0.0,0,0.0,0,0.0,133,1.0,2,0,0.0,0,0.0,0,0.0,2,1.0
-86.1585,39.759,219,0,0.0,0,0.0,0,0.0,219,1.0,1,0,0.0,0,0.0,0,0.0,1,1.0
-86.1585,39.7605,56,56,1.0,0,0.0,56,1.0,0,0.0,1,1,1.0,0,0.0,1,1.0,0,0.0
-86.1585,39.761,6750,3578,0.530074074074074,633,0.09377777777777778,4211,0.6238518518518518,2539,0.3761481481481482,199,86,0.4321608040201005,11,0.05527638190954774,97,0.48743718592964824,102,0.5125628140703518
-86.1585,39.7615,1,0,0.0,0,0.0,0,0.0,1,1.0,1,0,0.0,0,0.0,0,0.0,1,1.0
-86.158,39.7515,172,0,0.0,0,0.0,0,0.0,172,1.0,6,0,0.0,0,0.0,0,0.0,6,1.0
-86.158,39.752,30,0,0.0,30,1.0,30,1.0,0,0.0,1,0,0.0,1,1.0,1,1.0,0,0.0
-86.158,39.7525,98,0,0.0,98,1.0,98,1.0,0,0.0,1,0,0.0,1,1.0,1,1.0,0,0.0
-86.158,39.753,103,0,0.0,103,1.0,103,1.0,0,0.0,1,0,0.0,1,1.0,1,1.0,0,0.0
-86.158,39.7535,34,0,0.0,17,0.5,17,0.5,17,0.5,2,0,0.0,1,0.5,1,0.5,1,0.5
-86.158,39.756,6096,0,0.0,448,0.07349081364829396,448,0.07349081364829396,5648,0.926509186351706,16,0,0.0,11,0.6875,11,0.6875,5,0.3125
-86.158,39.7565,1991,0,0.0,674,0.33852335509794074,674,0.33852335509794074,1317,0.6614766449020593,53,0,0.0,22,0.41509433962264153,22,0.41509433962264153,31,0.5849056603773585
-86.158,39.7585,13,0,0.0,0,0.0,0,0.0,13,1.0,1,0,0.0,0,0.0,0,0.0,1,1.0
-86.158,39.759,149,0,0.0,0,0.0,0,0.0,149,1.0,4,0,0.0,0,0.0,0,0.0,4,1.0
-86.158,39.76,105,13,0.12380952380952381,0,0.0,13,0.12380952380952381,92,0.8761904761904762,19,2,0.10526315789473684,0,0.0,2,0.10526315789473684,17,0.8947368421052632
-86.158,39.7605,2710,142,0.05239852398523985,135,0.04981549815498155,277,0.1022140221402214,2433,0.8977859778597786,37,3,0.08108108108108109,5,0.13513513513513514,8,0.21621621621621623,29,0.7837837837837838
-86.158,39.761,8883,3211,0.3614769784982551,791,0.08904649330181245,4002,0.4505234718000676,4881,0.5494765281999324,148,49,0.3310810810810811,10,0.06756756756756757,59,0.39864864864864863,89,0.6013513513513513
-86.1575,39.7515,176,0,0.0,15,0.08522727272727272,15,0.08522727272727272,161,0.9147727272727273,8,0,0.0,2,0.25,2,0.25,6,0.75
-86.1575,39.752,56,0,0.0,56,1.0,56,1.0,0,0.0,1,0,0.0,1,1.0,1,1.0,0,0.0
-86.1575,39.7525,16,0,0.0,16,1.0,16,1.0,0,0.0,1,0,0.0,1,1.0,1,1.0,0,0.0
-86.1575,39.753,59,0,0.0,59,1.0,59,1.0,0,0.0,1,0,0.0,1,1.0,1,1.0,0,0.0
-86.1575,39.7535,34,0,0.0,34,1.0,34,1.0,0,0.0,2,0,0.0,2,1.0,2,1.0,0,0.0
-86.1575,39.756,1878,0,0.0,842,0.4483493077742279,842,0.4483493077742279,1036,0.5516506922257721,18,0,0.0,13,0.7222222222222222,13,0.7222222222222222,5,0.2777777777777778
-86.1575,39.7565,2201,0,0.0,641,0.29123125851885506,641,0.29123125851885506,1560,0.7087687414811449,60,0,0.0,18,0.3,18,0.3,42,0.7
-86.1575,39.759,804,0,0.0,17,0.021144278606965175,17,0.021144278606965175,787,0.9788557213930348,39,0,0.0,1,0.02564102564102564,1,0.02564102564102564,38,0.9743589743589743
-86.1575,39.7595,2296,24,0.010452961672473868,347,0.15113240418118468,371,0.16158536585365854,1925,0.8384146341463414,134,1,0.007462686567164179,20,0.14925373134328357,21,0.15671641791044777,113,0.8432835820895522
-86.1575,39.76,2771,116,0.041862143630458315,69,0.024900757849151932,185,0.06676290147961025,2586,0.9332370985203897,71,3,0.04225352112676056,6,0.08450704225352113,9,0.1267605633802817,62,0.8732394366197183
-86.1575,39.7605,183,2,0.01092896174863388,6,0.03278688524590164,8,0.04371584699453552,175,0.9562841530054644,16,1,0.0625,1,0.0625,2,0.125,14,0.875
-86.1575,39.761,9160,552,0.06026200873362445,1123,0.12259825327510918,1675,0.18286026200873362,7485,0.8171397379912664,111,27,0.24324324324324326,13,0.11711711711711711,40,0.36036036036036034,71,0.6396396396396397
-86.1575,39.7615,1,1,1.0,0,0.0,1,1.0,0,0.0,1,1,1.0,0,0.0,1,1.0,0,0.0
-86.157,39.7515,172,0,0.0,25,0.14534883720930233,25,0.14534883720930233,147,0.8546511627906976,7,0,0.0,1,0.14285714285714285,1,0.14285714285714285,6,0.8571428571428571
-86.157,39.7525,79,0,0.0,79,1.0,79,1.0,0,0.0,3,0,0.0,3,1.0,3,1.0,0,0.0
-86.157,39.753,134,0,0.0,134,1.0,134,1.0,0,0.0,3,0,0.0,3,1.0,3,1.0,0,0.0
-86.157,39.7535,114,0,0.0,114,1.0,114,1.0,0,0.0,4,0,0.0,4,1.0,4,1.0,0,0.0
-86.157,39.754,82,0,0.0,82,1.0,82,1.0,0,0.0,2,0,0.0,2,1.0,2,1.0,0,0.0
-86.157,39.7545,82,0,0.0,82,1.0,82,1.0,0,0.0,2,0,0.0,2,1.0,2,1.0,0,0.0
-86.157,39.755,83,0,0.0,83,1.0,83,1.0,0,0.0,2,0,0.0,2,1.0,2,1.0,0,0.0
-86.157,39.7555,90,0,0.0,90,1.0,90,1.0,0,0.0,2,0,0.0,2,1.0,2,1.0,0,0.0
-86.157,39.756,1227,0,0.0,958,0.7807660961695192,958,0.7807660961695192,269,0.21923390383048086,24,0,0.0,19,0.7916666666666666,19,0.7916666666666666,5,0.20833333333333334
-86.157,39.7565,5111,0,0.0,1257,0.24594012913324204,1257,0.24594012913324204,3854,0.754059870866758,143,0,0.0,20,0.13986013986013987,20,0.13986013986013987,123,0.8601398601398601
-86.157,39.757,2410,0,0.0,118,0.04896265560165975,118,0.04896265560165975,2292,0.9510373443983402,46,0,0.0,3,0.06521739130434782,3,0.06521739130434782,43,0.9347826086956522
-86.157,39.7575,2216,0,0.0,123,0.05550541516245487,123,0.05550541516245487,2093,0.9444945848375451,36,0,0.0,3,0.08333333333333333,3,0.08333333333333333,33,0.9166666666666666
-86.157,39.758,2591,0,0.0,121,0.046700115785411035,121,0.046700115785411035,2470,0.953299884214589,38,0,0.0,6,0.15789473684210525,6,0.15789473684210525,32,0.8421052631578947
-86.157,39.7585,8347,0,0.0,254,0.030430094644782555,254,0.030430094644782555,8093,0.9695699053552175,37,0,0.0,4,0.10810810810810811,4,0.10810810810810811,33,0.8918918918918919
-86.157,39.759,1606,0,0.0,30,0.0186799501867995,30,0.0186799501867995,1576,0.9813200498132005,37,0,0.0,2,0.05405405405405406,2,0.05405405405405406,35,0.9459459459459459
-86.157,39.7595,1,0,0.0,0,0.0,0,0.0,1,1.0,1,0,0.0,0,0.0,0,0.0,1,1.0
-86.157,39.761,1733,950,0.5481823427582228,234,0.1350259665320254,1184,0.6832083092902481,549,0.3167916907097519,54,28,0.5185185185185185,8,0.14814814814814814,36,0.6666666666666666,18,0.3333333333333333
-86.157,39.7615,1,1,1.0,0,0.0,1,1.0,0,0.0,1,1,1.0,0,0.0,1,1.0,0,0.0
-86.1565,39.7515,168,0,0.0,23,0.13690476190476192,23,0.13690476190476192,145,0.8630952380952381,7,0,0.0,1,0.14285714285714285,1,0.14285714285714285,6,0.8571428571428571
-86.1565,39.753,65,0,0.0,65,1.0,65,1.0,0,0.0,1,0,0.0,1,1.0,1,1.0,0,0.0
-86.1565,39.7535,34,0,0.0,14,0.4117647058823529,14,0.4117647058823529,20,0.5882352941176471,4,0,0.0,2,0.5,2,0.5,2,0.5
-86.1565,39.756,1844,0,0.0,1448,0.7852494577006508,1448,0.7852494577006508,396,0.21475054229934923,45,0,0.0,26,0.5777777777777777,26,0.5777777777777777,19,0.4222222222222222
-86.1565,39.7565,2,0,0.0,0,0.0,0,0.0,2,1.0,1,0,0.0,0,0.0,0,0.0,1,1.0
-86.1565,39.757,834,37,0.04436450839328537,0,0.0,37,0.04436450839328537,797,0.9556354916067147,19,1,0.05263157894736842,0,0.0,1,0.05263157894736842,18,0.9473684210526315
-86.1565,39.7575,866,38,0.04387990762124711,0,0.0,38,0.04387990762124711,828,0.9561200923787528,19,1,0.05263157894736842,0,0.0,1,0.05263157894736842,18,0.9473684210526315
-86.1565,39.758,793,35,0.044136191677175286,0,0.0,35,0.044136191677175286,758,0.9558638083228247,19,1,0.05263157894736842,0,0.0,1,0.05263157894736842,18,0.9473684210526315
-86.1565,39.7585,828,37,0.04468599033816425,0,0.0,37,0.04468599033816425,791,0.9553140096618358,19,1,0.05263157894736842,0,0.0,1,0.05263157894736842,18,0.9473684210526315
-86.1565,39.759,853,52,0.06096131301289566,0,0.0,52,0.06096131301289566,801,0.9390386869871044,20,3,0.15,0,0.0,3,0.15,17,0.85
-86.1565,39.7595,836,138,0.16507177033492823,0,0.0,138,0.16507177033492823,698,0.8349282296650717,26,6,0.23076923076923078,0,0.0,6,0.23076923076923078,20,0.7692307692307693
-86.1565,39.76,825,304,0.36848484848484847,0,0.0,304,0.36848484848484847,521,0.6315151515151515,39,12,0.3076923076923077,0,0.0,12,0.3076923076923077,27,0.6923076923076923
-86.1565,39.7605,886,373,0.42099322799097066,0,0.0,373,0.42099322799097066,513,0.5790067720090294,39,15,0.38461538461538464,0,0.0,15,0.38461538461538464,24,0.6153846153846154
-86.1565,39.761,3391,1744,0.5143025656148629,255,0.07519905632556768,1999,0.5895016219404305,1392,0.41049837805956946,72,37,0.5138888888888888,6,0.08333333333333333,43,0.5972222222222222,29,0.4027777777777778
-86.156,39.7515,552,0,0.0,42,0.07608695652173914,42,0.07608695652173914,510,0.9239130434782609,14,0,0.0,2,0.14285714285714285,2,0.14285714285714285,12,0.8571428571428571
-86.156,39.753,58,0,0.0,58,1.0,58,1.0,0,0.0,1,0,0.0,1,1.0,1,1.0,0,0.0
-86.156,39.7535,37,0,0.0,0,0.0,0,0.0,37,1.0,4,0,0.0,0,0.0,0,0.0,4,1.0
-86.156,39.7555,421,0,0.0,245,0.5819477434679335,245,0.5819477434679335,176,0.4180522565320665,30,0,0.0,17,0.5666666666666667,17,0.5666666666666667,13,0.43333333333333335
-86.156,39.756,3604,0,0.0,2104,0.5837957824639289,2104,0.5837957824639289,1500,0.416204217536071,94,0,0.0,50,0.5319148936170213,50,0.5319148936170213,44,0.46808510638297873
-86.156,39.7565,4836,31,0.00641025641025641,817,0.16894127377998347,848,0.17535153019023988,3988,0.8246484698097601,55,1,0.01818181818181818,9,0.16363636363636364,10,0.18181818181818182,45,0.8181818181818182
-86.156,39.757,281,1,0.0035587188612099642,0,0.0,1,0.0035587188612099642,280,0.99644128113879,19,1,0.05263157894736842,0,0.0,1,0.05263157894736842,18,0.9473684210526315
-86.156,39.76,5,0,0.0,0,0.0,0,0.0,5,1.0,1,0,0.0,0,0.0,0,0.0,1,1.0
-86.156,39.7605,65,32,0.49230769230769234,0,0.0,32,0.49230769230769234,33,0.5076923076923077,4,2,0.5,0,0.0,2,0.5,2,0.5
-86.156,39.761,9803,4646,0.47393655003570334,584,0.05957359991839233,5230,0.5335101499540956,4573,0.4664898500459043,100,50,0.5,6,0.06,56,0.56,44,0.44
-86.1555,39.7515,291,0,0.0,83,0.2852233676975945,83,0.2852233676975945,208,0.7147766323024055,12,0,0.0,3,0.25,3,0.25,9,0.75
-86.1555,39.753,48,0,0.0,48,1.0,48,1.0,0,0.0,3,0,0.0,3,1.0,3,1.0,0,0.0
-86.1555,39.7535,36,0,0.0,0,0.0,0,0.0,36,1.0,3,0,0.0,0,0.0,0,0.0,3,1.0
-86.1555,39.7545,829,0,0.0,235,0.28347406513872137,235,0.28347406513872137,594,0.7165259348612787,46,0,0.0,12,0.2608695652173913,12,0.2608695652173913,34,0.7391304347826086
-86.1555,39.755,1724,0,0.0,158,0.09164733178654293,158,0.09164733178654293,1566,0.9083526682134571,83,0,0.0,12,0.14457831325301204,12,0.14457831325301204,71,0.8554216867469879
-86.1555,39.7555,1484,0,0.0,267,0.17991913746630728,267,0.17991913746630728,1217,0.8200808625336927,106,0,0.0,26,0.24528301886792453,26,0.24528301886792453,80,0.7547169811320755
-86.1555,39.756,215,0,0.0,108,0.5023255813953489,108,0.5023255813953489,107,0.49767441860465117,6,0,0.0,3,0.5,3,0.5,3,0.5
-86.1555,39.761,3508,1628,0.4640820980615735,162,0.046180159635119726,1790,0.5102622576966932,1718,0.48973774230330674,180,77,0.42777777777777776,10,0.05555555555555555,87,0.48333333333333334,93,0.5166666666666667
-86.155,39.7515,259,0,0.0,74,0.2857142857142857,74,0.2857142857142857,185,0.7142857142857143,8,0,0.0,3,0.375,3,0.375,5,0.625
-86.155,39.753,54,0,0.0,42,0.7777777777777778,42,0.7777777777777778,12,0.2222222222222222,5,0,0.0,2,0.4,2,0.4,3,0.6
-86.155,39.7535,1229,0,0.0,382,0.31082180634662326,382,0.31082180634662326,847,0.6891781936533767,64,0,0.0,22,0.34375,22,0.34375,42,0.65625
-86.155,39.754,1515,0,0.0,492,0.32475247524752476,492,0.32475247524752476,1023,0.6752475247524753,49,0,0.0,18,0.3673469387755102,18,0.3673469387755102,31,0.6326530612244898
-86.155,39.7545,805,0,0.0,199,0.24720496894409938,199,0.24720496894409938,606,0.7527950310559006,43,0,0.0,13,0.3023255813953488,13,0.3023255813953488,30,0.6976744186046512
-86.155,39.756,1135,0,0.0,537,0.4731277533039648,537,0.4731277533039648,598,0.5268722466960353,6,0,0.0,4,0.6666666666666666,4,0.6666666666666666,2,0.3333333333333333
-86.155,39.761,5372,3173,0.5906552494415488,230,0.04281459419210722,3403,0.633469843633656,1969,0.366530156366344,130,65,0.5,8,0.06153846153846154,73,0.5615384615384615,57,0.43846153846153846
-86.1545,39.7515,235,0,0.0,67,0.2851063829787234,67,0.2851063829787234,168,0.7148936170212766,8,0,0.0,3,0.375,3,0.375,5,0.625
-86.1545,39.752,92,0,0.0,0,0.0,0,0.0,92,1.0,6,0,0.0,0,0.0,0,0.0,6,1.0
-86.1545,39.7525,5057,0,0.0,2133,0.42179157603322126,2133,0.42179157603322126,2924,0.5782084239667787,94,0,0.0,39,0.4148936170212766,39,0.4148936170212766,55,0.5851063829787234
-86.1545,39.753,3196,0,0.0,1362,0.4261576971214018,1362,0.4261576971214018,1834,0.5738423028785983,86,0,0.0,44,0.5116279069767442,44,0.5116279069767442,42,0.4883720930232558
-86.1545,39.7535,1678,0,0.0,707,0.42133492252681765,707,0.42133492252681765,971,0.5786650774731824,97,0,0.0,47,0.4845360824742268,47,0.4845360824742268,50,0.5154639175257731
-86.1545,39.754,1291,0,0.0,606,0.4694035631293571,606,0.4694035631293571,685,0.530596436870643,37,0,0.0,23,0.6216216216216216,23,0.6216216216216216,14,0.3783783783783784
-86.1545,39.7545,1275,0,0.0,610,0.47843137254901963,610,0.47843137254901963,665,0.5215686274509804,33,0,0.0,19,0.5757575757575758,19,0.5757575757575758,14,0.42424242424242425
-86.1545,39.755,1320,0,0.0,644,0.48787878787878786,644,0.48787878787878786,676,0.5121212121212121,31,0,0.0,17,0.5483870967741935,17,0.5483870967741935,14,0.45161290322580644
-86.1545,39.7555,1950,0,0.0,1261,0.6466666666666666,1261,0.6466666666666666,689,0.35333333333333333,43,0,0.0,25,0.5813953488372093,25,0.5813953488372093,18,0.4186046511627907
-86.1545,39.756,5814,0,0.0,3920,0.674234606123151,3920,0.674234606123151,1894,0.325765393876849,88,0,0.0,57,0.6477272727272727,57,0.6477272727272727,31,0.3522727272727273
-86.1545,39.7565,1762,0,0.0,1095,0.6214528944381384,1095,0.6214528944381384,667,0.3785471055618615,76,0,0.0,49,0.6447368421052632,49,0.6447368421052632,27,0.35526315789473684
-86.1545,39.757,1554,0,0.0,955,0.6145431145431145,955,0.6145431145431145,599,0.38545688545688545,53,0,0.0,37,0.6981132075471698,37,0.6981132075471698,16,0.3018867924528302
-86.1545,39.7575,1669,0,0.0,903,0.5410425404433793,903,0.5410425404433793,766,0.4589574595566207,55,0,0.0,35,0.6363636363636364,35,0.6363636363636364,20,0.36363636363636365
-86.1545,39.758,1452,0,0.0,873,0.6012396694214877,873,0.6012396694214877,579,0.3987603305785124,55,0,0.0,37,0.6727272727272727,37,0.6727272727272727,18,0.32727272727272727
-86.1545,39.7585,1439,0,0.0,723,0.5024322446143155,723,0.5024322446143155,716,0.4975677553856845,68,0,0.0,28,0.4117647058823529,28,0.4117647058823529,40,0.5882352941176471
-86.1545,39.759,1427,0,0.0,222,0.15557112824106517,222,0.15557112824106517,1205,0.8444288717589348,52,0,0.0,20,0.38461538461538464,20,0.38461538461538464,32,0.6153846153846154
-86.1545,39.7595,1468,0,0.0,255,0.1737057220708447,255,0.1737057220708447,1213,0.8262942779291553,84,0,0.0,14,0.16666666666666666,14,0.16666666666666666,70,0.8333333333333334
-86.1545,39.76,1644,0,0.0,25,0.015206812652068127,25,0.015206812652068127,1619,0.9847931873479319,34,0,0.0,5,0.14705882352941177,5,0.14705882352941177,29,0.8529411764705882
-86.1545,39.7605,3230,127,0.03931888544891641,173,0.05356037151702786,300,0.09287925696594426,2930,0.9071207430340558,23,1,0.043478260869565216,2,0.08695652173913043,3,0.13043478260869565,20,0.8695652173913043
-86.1545,39.761,11208,5836,0.520699500356888,1113,0.09930406852248394,6949,0.6200035688793719,4259,0.37999643112062814,127,51,0.4015748031496063,17,0.13385826771653545,68,0.5354330708661418,59,0.4645669291338583
