grid_lat,grid_lon,total_sample,mw_sample,mw_ratio,sub6_sample,sub6_ratio,5g_sample,5g_sample,lte_sample,lte_ratio,total_cs_sample,mw_cs_sample,mw_cs_ratio,sub6_cs_sample,sub6_cs_ratio,5g_cs_sample,5g_cs_sample,lte_cs_sample,lte_cs_ratio
-86.167,39.7655,2379,0,0.0,2221,0.9335855401429172,2221,0.9335855401429172,158,0.0664144598570828,36,0,0.0,31,0.8611111111111112,31,0.8611111111111112,5,0.1388888888888889
-86.167,39.766,6742,0,0.0,6156,0.9130821714624741,6156,0.9130821714624741,586,0.08691782853752596,70,0,0.0,59,0.8428571428571429,59,0.8428571428571429,11,0.15714285714285714
-86.167,39.7665,1349,0,0.0,1192,0.8836174944403261,1192,0.8836174944403261,157,0.11638250555967383,30,0,0.0,25,0.8333333333333334,25,0.8333333333333334,5,0.16666666666666666
-86.167,39.767,2076,92,0.04431599229287091,1635,0.7875722543352601,1727,0.831888246628131,349,0.16811175337186898,49,3,0.061224489795918366,35,0.7142857142857143,38,0.7755102040816326,11,0.22448979591836735
-86.167,39.7675,1058,182,0.1720226843100189,326,0.30812854442344045,508,0.4801512287334594,550,0.5198487712665406,22,5,0.22727272727272727,9,0.4090909090909091,14,0.6363636363636364,8,0.36363636363636365
-86.167,39.768,518,130,0.25096525096525096,198,0.38223938223938225,328,0.6332046332046333,190,0.3667953667953668,17,2,0.11764705882352941,11,0.6470588235294118,13,0.7647058823529411,4,0.23529411764705882
-86.167,39.7685,642,81,0.1261682242990654,394,0.6137071651090342,475,0.7398753894080996,167,0.2601246105919003,18,1,0.05555555555555555,14,0.7777777777777778,15,0.8333333333333334,3,0.16666666666666666
-86.167,39.769,400,73,0.1825,252,0.63,325,0.8125,75,0.1875,12,1,0.08333333333333333,10,0.8333333333333334,11,0.9166666666666666,1,0.08333333333333333
-86.167,39.7695,815,112,0.1374233128834356,372,0.456441717791411,484,0.5938650306748466,331,0.40613496932515336,21,2,0.09523809523809523,14,0.6666666666666666,16,0.7619047619047619,5,0.23809523809523808
-86.167,39.77,617,0,0.0,334,0.5413290113452188,334,0.5413290113452188,283,0.4586709886547812,13,0,0.0,7,0.5384615384615384,7,0.5384615384615384,6,0.46153846153846156
-86.167,39.7705,508,0,0.0,301,0.59251968503937,301,0.59251968503937,207,0.4074803149606299,14,0,0.0,9,0.6428571428571429,9,0.6428571428571429,5,0.35714285714285715
-86.167,39.771,675,0,0.0,532,0.7881481481481482,532,0.7881481481481482,143,0.21185185185185185,11,0,0.0,9,0.8181818181818182,9,0.8181818181818182,2,0.18181818181818182
-86.167,39.7715,1539,0,0.0,1039,0.6751137102014295,1039,0.6751137102014295,500,0.3248862897985705,15,0,0.0,12,0.8,12,0.8,3,0.2
-86.167,39.772,176,0,0.0,176,1.0,176,1.0,0,0.0,5,0,0.0,5,1.0,5,1.0,0,0.0
-86.167,39.7725,172,0,0.0,121,0.7034883720930233,121,0.7034883720930233,51,0.29651162790697677,4,0,0.0,3,0.75,3,0.75,1,0.25
-86.167,39.773,46,0,0.0,46,1.0,46,1.0,0,0.0,2,0,0.0,2,1.0,2,1.0,0,0.0
-86.167,39.7735,78,0,0.0,78,1.0,78,1.0,0,0.0,1,0,0.0,1,1.0,1,1.0,0,0.0
-86.167,39.774,3104,0,0.0,3064,0.9871134020618557,3064,0.9871134020618557,40,0.01288659793814433,9,0,0.0,6,0.6666666666666666,6,0.6666666666666666,3,0.3333333333333333
-86.167,39.776,61,0,0.0,0,0.0,0,0.0,61,1.0,3,0,0.0,0,0.0,0,0.0,3,1.0
-86.167,39.7765,337,0,0.0,0,0.0,0,0.0,337,1.0,9,0,0.0,0,0.0,0,0.0,9,1.0
-86.167,39.777,927,0,0.0,426,0.459546925566343,426,0.459546925566343,501,0.540453074433657,33,0,0.0,18,0.5454545454545454,18,0.5454545454545454,15,0.45454545454545453
-86.167,39.7775,3023,186,0.061528283162421434,1528,0.5054581541515051,1714,0.5669864373139265,1309,0.43301356268607344,44,3,0.06818181818181818,21,0.4772727272727273,24,0.5454545454545454,20,0.45454545454545453
-86.1665,39.7655,537,0,0.0,491,0.9143389199255121,491,0.9143389199255121,46,0.0856610800744879,12,0,0.0,11,0.9166666666666666,11,0.9166666666666666,1,0.08333333333333333
-86.1665,39.766,43,0,0.0,27,0.627906976744186,27,0.627906976744186,16,0.37209302325581395,3,0,0.0,2,0.6666666666666666,2,0.6666666666666666,1,0.3333333333333333
-86.1665,39.7665,343,0,0.0,299,0.8717201166180758,299,0.8717201166180758,44,0.1282798833819242,10,0,0.0,9,0.9,9,0.9,1,0.1
-86.1665,39.767,5418,0,0.0,5044,0.9309708379475822,5044,0.9309708379475822,374,0.06902916205241787,105,0,0.0,84,0.8,84,0.8,21,0.2
-86.1665,39.7675,1042,0,0.0,919,0.8819577735124761,919,0.8819577735124761,123,0.118042226487524,22,0,0.0,17,0.7727272727272727,17,0.7727272727272727,5,0.22727272727272727
-86.1665,39.768,964,0,0.0,873,0.9056016597510373,873,0.9056016597510373,91,0.09439834024896265,27,0,0.0,22,0.8148148148148148,22,0.8148148148148148,5,0.18518518518518517
-86.1665,39.7685,1046,0,0.0,898,0.858508604206501,898,0.858508604206501,148,0.14149139579349904,37,0,0.0,28,0.7567567567567568,28,0.7567567567567568,9,0.24324324324324326
-86.1665,39.769,1159,0,0.0,865,0.7463330457290768,865,0.7463330457290768,294,0.25366695427092323,29,0,0.0,23,0.7931034482758621,23,0.7931034482758621,6,0.20689655172413793
-86.1665,39.7695,1532,0,0.0,1014,0.6618798955613577,1014,0.6618798955613577,518,0.3381201044386423,41,0,0.0,31,0.7560975609756098,31,0.7560975609756098,10,0.24390243902439024
-86.1665,39.77,2564,762,0.297191887675507,956,0.37285491419656785,1718,0.6700468018720749,846,0.3299531981279251,38,2,0.05263157894736842,23,0.6052631578947368,25,0.6578947368421053,13,0.34210526315789475
-86.1665,39.7705,509,95,0.18664047151277013,318,0.6247544204322201,413,0.8113948919449903,96,0.18860510805500982,10,2,0.2,6,0.6,8,0.8,2,0.2
-86.1665,39.771,1765,485,0.2747875354107649,1020,0.5779036827195467,1505,0.8526912181303117,260,0.14730878186968838,40,4,0.1,29,0.725,33,0.825,7,0.175
-86.1665,39.7715,12341,39,0.00316019771493396,11303,0.915890122356373,11342,0.9190503200713069,999,0.08094967992869298,74,1,0.013513513513513514,64,0.8648648648648649,65,0.8783783783783784,9,0.12162162162162163
-86.1665,39.772,4124,0,0.0,3592,0.8709990300678953,3592,0.8709990300678953,532,0.12900096993210475,56,0,0.0,48,0.8571428571428571,48,0.8571428571428571,8,0.14285714285714285
-86.1665,39.7725,2740,10,0.0036496350364963502,2118,0.772992700729927,2128,0.7766423357664234,612,0.22335766423357664,48,1,0.020833333333333332,39,0.8125,40,0.8333333333333334,8,0.16666666666666666
-86.1665,39.773,5391,384,0.07122982749026155,4612,0.8554999072528288,4996,0.9267297347430903,395,0.07327026525690966,51,4,0.0784313725490196,39,0.7647058823529411,43,0.8431372549019608,8,0.1568627450980392
-86.1665,39.7735,3446,177,0.051363900174114914,3123,0.9062681369704004,3300,0.9576320371445154,146,0.04236796285548462,54,4,0.07407407407407407,44,0.8148148148148148,48,0.8888888888888888,6,0.1111111111111111
-86.1665,39.774,6601,212,0.03211634600818058,6220,0.942281472504166,6432,0.9743978185123466,169,0.025602181487653385,75,5,0.06666666666666667,58,0.7733333333333333,63,0.84,12,0.16
-86.1665,39.7745,4374,71,0.01623228166438043,4107,0.9389574759945131,4178,0.9551897576588935,196,0.04481024234110654,38,3,0.07894736842105263,28,0.7368421052631579,31,0.8157894736842105,7,0.18421052631578946
-86.1665,39.775,4423,24,0.005426181324892607,3930,0.8885371919511643,3954,0.8939633732760569,469,0.10603662672394303,36,3,0.08333333333333333,23,0.6388888888888888,26,0.7222222222222222,10,0.2777777777777778
-86.1665,39.7755,4622,141,0.030506274340112504,2173,0.4701427953266984,2314,0.5006490696668109,2308,0.4993509303331891,55,4,0.07272727272727272,25,0.45454545454545453,29,0.5272727272727272,26,0.4727272727272727
-86.1665,39.776,1770,0,0.0,905,0.5112994350282486,905,0.5112994350282486,865,0.4887005649717514,34,0,0.0,18,0.5294117647058824,18,0.5294117647058824,16,0.47058823529411764
-86.1665,39.7765,1093,0,0.0,864,0.7904849039341263,864,0.7904849039341263,229,0.20951509606587373,27,0,0.0,17,0.6296296296296297,17,0.6296296296296297,10,0.37037037037037035
-86.1665,39.777,506,0,0.0,458,0.9051383399209486,458,0.9051383399209486,48,0.09486166007905138,18,0,0.0,16,0.8888888888888888,16,0.8888888888888888,2,0.1111111111111111
-86.166,39.7655,495,0,0.0,450,0.9090909090909091,450,0.9090909090909091,45,0.09090909090909091,11,0,0.0,10,0.9090909090909091,10,0.9090909090909091,1,0.09090909090909091
-86.166,39.767,1073,0,0.0,938,0.8741845293569431,938,0.8741845293569431,135,0.12581547064305684,49,0,0.0,41,0.8367346938775511,41,0.8367346938775511,8,0.16326530612244897
-86.166,39.7685,1,0,0.0,1,1.0,1,1.0,0,0.0,1,0,0.0,1,1.0,1,1.0,0,0.0
-86.166,39.769,57,0,0.0,57,1.0,57,1.0,0,0.0,2,0,0.0,2,1.0,2,1.0,0,0.0
-86.166,39.7695,56,0,0.0,56,1.0,56,1.0,0,0.0,1,0,0.0,1,1.0,1,1.0,0,0.0
-86.166,39.77,807,0,0.0,612,0.758364312267658,612,0.758364312267658,195,0.241635687732342,15,0,0.0,8,0.5333333333333333,8,0.5333333333333333,7,0.4666666666666667
-86.166,39.771,484,0,0.0,484,1.0,484,1.0,0,0.0,14,0,0.0,14,1.0,14,1.0,0,0.0
-86.166,39.7715,261,0,0.0,166,0.6360153256704981,166,0.6360153256704981,95,0.36398467432950193,9,0,0.0,6,0.6666666666666666,6,0.6666666666666666,3,0.3333333333333333
-86.166,39.7735,87,0,0.0,0,0.0,0,0.0,87,1.0,1,0,0.0,0,0.0,0,0.0,1,1.0
-86.166,39.774,8693,150,0.017255262855170827,8450,0.9720464741746233,8600,0.9893017370297942,93,0.010698262970205912,74,2,0.02702702702702703,62,0.8378378378378378,64,0.8648648648648649,10,0.13513513513513514
-86.166,39.7745,4,0,0.0,1,0.25,1,0.25,3,0.75,2,0,0.0,1,0.5,1,0.5,1,0.5
-86.166,39.775,222,0,0.0,179,0.8063063063063063,179,0.8063063063063063,43,0.19369369369369369,3,0,0.0,2,0.6666666666666666,2,0.6666666666666666,1,0.3333333333333333
-86.1655,39.7655,740,0,0.0,686,0.927027027027027,686,0.927027027027027,54,0.07297297297297298,11,0,0.0,10,0.9090909090909091,10,0.9090909090909091,1,0.09090909090909091
-86.1655,39.767,930,0,0.0,827,0.889247311827957,827,0.889247311827957,103,0.110752688172043,21,0,0.0,18,0.8571428571428571,18,0.8571428571428571,3,0.14285714285714285
-86.1655,39.77,716,26,0.036312849162011177,568,0.7932960893854749,594,0.8296089385474861,122,0.17039106145251395,17,2,0.11764705882352941,11,0.6470588235294118,13,0.7647058823529411,4,0.23529411764705882
-86.1655,39.771,767,0,0.0,725,0.9452411994784876,725,0.9452411994784876,42,0.054758800521512385,22,0,0.0,20,0.9090909090909091,20,0.9090909090909091,2,0.09090909090909091
-86.1655,39.7715,118,0,0.0,46,0.3898305084745763,46,0.3898305084745763,72,0.6101694915254238,7,0,0.0,5,0.7142857142857143,5,0.7142857142857143,2,0.2857142857142857
-86.1655,39.7735,37,0,0.0,0,0.0,0,0.0,37,1.0,1,0,0.0,0,0.0,0,0.0,1,1.0
-86.1655,39.774,3315,0,0.0,3270,0.9864253393665159,3270,0.9864253393665159,45,0.013574660633484163,47,0,0.0,45,0.9574468085106383,45,0.9574468085106383,2,0.0425531914893617
-86.1655,39.7745,202,0,0.0,155,0.7673267326732673,155,0.7673267326732673,47,0.23267326732673269,3,0,0.0,2,0.6666666666666666,2,0.6666666666666666,1,0.3333333333333333
-86.165,39.7655,454,0,0.0,405,0.8920704845814978,405,0.8920704845814978,49,0.10792951541850221,9,0,0.0,8,0.8888888888888888,8,0.8888888888888888,1,0.1111111111111111
-86.165,39.767,2576,0,0.0,1938,0.7523291925465838,1938,0.7523291925465838,638,0.24767080745341616,41,0,0.0,30,0.7317073170731707,30,0.7317073170731707,11,0.2682926829268293
-86.165,39.77,865,90,0.10404624277456648,543,0.6277456647398844,633,0.7317919075144508,232,0.2682080924855491,27,2,0.07407407407407407,21,0.7777777777777778,23,0.8518518518518519,4,0.14814814814814814
-86.165,39.771,674,0,0.0,564,0.8367952522255193,564,0.8367952522255193,110,0.1632047477744807,19,0,0.0,17,0.8947368421052632,17,0.8947368421052632,2,0.10526315789473684
-86.165,39.7735,11,0,0.0,0,0.0,0,0.0,11,1.0,1,0,0.0,0,0.0,0,0.0,1,1.0
-86.165,39.774,2002,0,0.0,1896,0.9470529470529471,1896,0.9470529470529471,106,0.052947052947052944,39,0,0.0,36,0.9230769230769231,36,0.9230769230769231,3,0.07692307692307693
-86.165,39.7745,448,0,0.0,440,0.9821428571428571,440,0.9821428571428571,8,0.017857142857142856,3,0,0.0,2,0.6666666666666666,2,0.6666666666666666,1,0.3333333333333333
-86.1645,39.7655,427,0,0.0,378,0.8852459016393442,378,0.8852459016393442,49,0.11475409836065574,11,0,0.0,10,0.9090909090909091,10,0.9090909090909091,1,0.09090909090909091
-86.1645,39.767,1084,0,0.0,984,0.9077490774907749,984,0.9077490774907749,100,0.09225092250922509,24,0,0.0,21,0.875,21,0.875,3,0.125
-86.1645,39.77,878,219,0.24943052391799544,368,0.4191343963553531,587,0.6685649202733486,291,0.3314350797266515,42,7,0.16666666666666666,23,0.5476190476190477,30,0.7142857142857143,12,0.2857142857142857
-86.1645,39.771,679,0,0.0,526,0.7746686303387335,526,0.7746686303387335,153,0.22533136966126657,24,0,0.0,19,0.7916666666666666,19,0.7916666666666666,5,0.20833333333333334
-86.1645,39.7735,92,0,0.0,62,0.6739130434782609,62,0.6739130434782609,30,0.32608695652173914,3,0,0.0,2,0.6666666666666666,2,0.6666666666666666,1,0.3333333333333333
-86.1645,39.774,6510,27,0.004147465437788019,5943,0.9129032258064517,5970,0.9170506912442397,540,0.08294930875576037,79,2,0.02531645569620253,65,0.8227848101265823,67,0.8481012658227848,12,0.1518987341772152
-86.164,39.7655,676,0,0.0,501,0.7411242603550295,501,0.7411242603550295,175,0.2588757396449704,15,0,0.0,13,0.8666666666666667,13,0.8666666666666667,2,0.13333333333333333
-86.164,39.767,906,0,0.0,812,0.8962472406181016,812,0.8962472406181016,94,0.10375275938189846,20,0,0.0,17,0.85,17,0.85,3,0.15
-86.164,39.7695,605,0,0.0,416,0.687603305785124,416,0.687603305785124,189,0.31239669421487604,4,0,0.0,2,0.5,2,0.5,2,0.5
-86.164,39.77,1027,109,0.10613437195715676,520,0.5063291139240507,629,0.6124634858812075,398,0.3875365141187926,31,3,0.0967741935483871,18,0.5806451612903226,21,0.6774193548387096,10,0.3225806451612903
-86.164,39.771,13834,12999,0.9396414630620211,597,0.04315454676883042,13596,0.9827960098308516,238,0.017203990169148475,32,1,0.03125,24,0.75,25,0.78125,7,0.21875
-86.164,39.773,66,0,0.0,49,0.7424242424242424,49,0.7424242424242424,17,0.25757575757575757,3,0,0.0,2,0.6666666666666666,2,0.6666666666666666,1,0.3333333333333333
-86.164,39.7735,109,0,0.0,81,0.7431192660550459,81,0.7431192660550459,28,0.25688073394495414,3,0,0.0,2,0.6666666666666666,2,0.6666666666666666,1,0.3333333333333333
-86.164,39.774,3221,75,0.02328469419434958,3060,0.9500155231294629,3135,0.9733002173238124,86,0.02669978267618752,73,4,0.0547945205479452,63,0.863013698630137,67,0.9178082191780822,6,0.0821917808219178
-86.1635,39.7655,447,0,0.0,389,0.8702460850111857,389,0.8702460850111857,58,0.1297539149888143,14,0,0.0,13,0.9285714285714286,13,0.9285714285714286,1,0.07142857142857142
-86.1635,39.767,935,0,0.0,842,0.9005347593582887,842,0.9005347593582887,93,0.09946524064171124,20,0,0.0,17,0.85,17,0.85,3,0.15
-86.1635,39.7695,1039,808,0.7776708373435997,115,0.11068334937439846,923,0.8883541867179982,116,0.11164581328200192,11,3,0.2727272727272727,4,0.36363636363636365,7,0.6363636363636364,4,0.36363636363636365
-86.1635,39.77,6680,3811,0.5705089820359281,1067,0.1597305389221557,4878,0.7302395209580839,1802,0.2697604790419162,96,25,0.2604166666666667,29,0.3020833333333333,54,0.5625,42,0.4375
-86.1635,39.771,3511,340,0.0968385075477072,2000,0.5696382796923953,2340,0.6664767872401025,1171,0.3335232127598975,53,2,0.03773584905660377,33,0.6226415094339622,35,0.660377358490566,18,0.33962264150943394
-86.1635,39.7725,35,17,0.4857142857142857,7,0.2,24,0.6857142857142857,11,0.3142857142857143,3,1,0.3333333333333333,1,0.3333333333333333,2,0.6666666666666666,1,0.3333333333333333
-86.1635,39.773,380,52,0.1368421052631579,272,0.7157894736842105,324,0.8526315789473684,56,0.14736842105263157,10,1,0.1,6,0.6,7,0.7,3,0.3
-86.1635,39.774,4761,125,0.026254988447805085,4514,0.9481201428271372,4639,0.9743751312749422,122,0.025624868725057762,75,4,0.05333333333333334,60,0.8,64,0.8533333333333334,11,0.14666666666666667
-86.163,39.7655,461,0,0.0,376,0.8156182212581344,376,0.8156182212581344,85,0.1843817787418655,16,0,0.0,13,0.8125,13,0.8125,3,0.1875
-86.163,39.767,1756,0,0.0,1653,0.9413439635535308,1653,0.9413439635535308,103,0.058656036446469245,28,0,0.0,23,0.8214285714285714,23,0.8214285714285714,5,0.17857142857142858
-86.163,39.7695,143,19,0.13286713286713286,124,0.8671328671328671,143,1.0,0,0.0,4,1,0.25,3,0.75,4,1.0,0,0.0
-86.163,39.77,11088,4081,0.3680555555555556,3804,0.3430735930735931,7885,0.7111291486291487,3203,0.2888708513708514,152,29,0.19078947368421054,67,0.4407894736842105,96,0.631578947368421,56,0.3684210526315789
-86.163,39.7705,4855,458,0.09433573635427395,4072,0.8387229660144181,4530,0.933058702368692,325,0.06694129763130793,56,11,0.19642857142857142,30,0.5357142857142857,41,0.7321428571428571,15,0.26785714285714285
-86.163,39.771,6626,1006,0.15182613945064896,4335,0.6542408693027467,5341,0.8060670087533957,1285,0.1939329912466043,154,19,0.12337662337662338,89,0.577922077922078,108,0.7012987012987013,46,0.2987012987012987
-86.163,39.7715,12367,4262,0.34462682946551304,4380,0.3541683512573785,8642,0.6987951807228916,3725,0.30120481927710846,92,11,0.11956521739130435,45,0.4891304347826087,56,0.6086956521739131,36,0.391304347826087
-86.163,39.772,2593,347,0.13382182799845738,1687,0.6505977632086386,2034,0.7844195912070959,559,0.21558040879290397,45,6,0.13333333333333333,26,0.5777777777777777,32,0.7111111111111111,13,0.28888888888888886
-86.163,39.7725,13708,2822,0.20586518821126348,4854,0.35409979573971406,7676,0.5599649839509775,6032,0.44003501604902245,98,15,0.15306122448979592,40,0.40816326530612246,55,0.5612244897959183,43,0.4387755102040816
-86.163,39.773,4486,0,0.0,4235,0.9440481497993758,4235,0.9440481497993758,251,0.05595185020062417,47,0,0.0,33,0.7021276595744681,33,0.7021276595744681,14,0.2978723404255319
-86.163,39.7735,1287,0,0.0,1050,0.8158508158508159,1050,0.8158508158508159,237,0.18414918414918416,21,0,0.0,16,0.7619047619047619,16,0.7619047619047619,5,0.23809523809523808
-86.163,39.774,4810,58,0.012058212058212059,4265,0.8866943866943867,4323,0.8987525987525988,487,0.10124740124740125,90,2,0.022222222222222223,75,0.8333333333333334,77,0.8555555555555555,13,0.14444444444444443
-86.163,39.7745,1917,0,0.0,1508,0.7866458007303078,1508,0.7866458007303078,409,0.21335419926969224,29,0,0.0,22,0.7586206896551724,22,0.7586206896551724,7,0.2413793103448276
-86.163,39.775,2273,0,0.0,1731,0.7615486141663,1731,0.7615486141663,542,0.23845138583369996,32,0,0.0,23,0.71875,23,0.71875,9,0.28125
-86.163,39.7755,6917,0,0.0,5572,0.8055515396848345,5572,0.8055515396848345,1345,0.19444846031516552,44,0,0.0,26,0.5909090909090909,26,0.5909090909090909,18,0.4090909090909091
-86.163,39.776,1472,0,0.0,1012,0.6875,1012,0.6875,460,0.3125,30,0,0.0,15,0.5,15,0.5,15,0.5
-86.163,39.7765,1178,0,0.0,521,0.44227504244482174,521,0.44227504244482174,657,0.5577249575551783,25,0,0.0,10,0.4,10,0.4,15,0.6
-86.163,39.777,1174,0,0.0,468,0.3986371379897785,468,0.3986371379897785,706,0.6013628620102215,22,0,0.0,10,0.45454545454545453,10,0.45454545454545453,12,0.5454545454545454
-86.163,39.7775,1985,0,0.0,1463,0.7370277078085642,1463,0.7370277078085642,522,0.26297229219143575,20,0,0.0,11,0.55,11,0.55,9,0.45
-86.1625,39.7655,448,0,0.0,384,0.8571428571428571,384,0.8571428571428571,64,0.14285714285714285,15,0,0.0,13,0.8666666666666667,13,0.8666666666666667,2,0.13333333333333333
-86.1625,39.767,1052,8,0.0076045627376425855,932,0.8859315589353612,940,0.8935361216730038,112,0.10646387832699619,45,1,0.022222222222222223,37,0.8222222222222222,38,0.8444444444444444,7,0.15555555555555556
-86.1625,39.7695,1041,650,0.6243996157540826,331,0.31796349663784823,981,0.9423631123919309,60,0.05763688760806916,27,6,0.2222222222222222,12,0.4444444444444444,18,0.6666666666666666,9,0.3333333333333333
-86.1625,39.77,1472,313,0.21263586956521738,552,0.375,865,0.5876358695652174,607,0.4123641304347826,60,10,0.16666666666666666,24,0.4,34,0.5666666666666667,26,0.43333333333333335
-86.1625,39.771,2114,545,0.2578051087984863,1144,0.5411542100283823,1689,0.7989593188268685,425,0.2010406811731315,65,10,0.15384615384615385,35,0.5384615384615384,45,0.6923076923076923,20,0.3076923076923077
-86.1625,39.7725,1572,672,0.42748091603053434,97,0.06170483460559797,769,0.4891857506361323,803,0.5108142493638677,26,4,0.15384615384615385,4,0.15384615384615385,8,0.3076923076923077,18,0.6923076923076923
-86.1625,39.774,1060,43,0.040566037735849055,754,0.7113207547169811,797,0.7518867924528302,263,0.2481132075471698,41,1,0.024390243902439025,25,0.6097560975609756,26,0.6341463414634146,15,0.36585365853658536
-86.1625,39.7755,264,0,0.0,132,0.5,132,0.5,132,0.5,9,0,0.0,6,0.6666666666666666,6,0.6666666666666666,3,0.3333333333333333
-86.1625,39.7775,8,0,0.0,8,1.0,8,1.0,0,0.0,1,0,0.0,1,1.0,1,1.0,0,0.0
-86.162,39.7655,524,0,0.0,431,0.8225190839694656,431,0.8225190839694656,93,0.17748091603053434,24,0,0.0,21,0.875,21,0.875,3,0.125
-86.162,39.767,1705,44,0.025806451612903226,1409,0.8263929618768329,1453,0.852199413489736,252,0.14780058651026393,56,3,0.05357142857142857,39,0.6964285714285714,42,0.75,14,0.25
-86.162,39.7695,741,205,0.2766531713900135,456,0.6153846153846154,661,0.892037786774629,80,0.10796221322537113,27,6,0.2222222222222222,16,0.5925925925925926,22,0.8148148148148148,5,0.18518518518518517
-86.162,39.77,2037,1095,0.5375552282768777,391,0.19194894452626413,1486,0.7295041728031418,551,0.2704958271968581,52,8,0.15384615384615385,20,0.38461538461538464,28,0.5384615384615384,24,0.46153846153846156
-86.162,39.771,3084,557,0.18060959792477302,1581,0.5126459143968871,2138,0.6932555123216602,946,0.30674448767833984,62,8,0.12903225806451613,38,0.6129032258064516,46,0.7419354838709677,16,0.25806451612903225
-86.162,39.7725,673,76,0.11292719167904904,112,0.1664190193164933,188,0.27934621099554235,485,0.7206537890044576,17,2,0.11764705882352941,2,0.11764705882352941,4,0.23529411764705882,13,0.7647058823529411
-86.162,39.774,1064,3,0.002819548872180451,588,0.5526315789473685,591,0.555451127819549,473,0.44454887218045114,39,1,0.02564102564102564,20,0.5128205128205128,21,0.5384615384615384,18,0.46153846153846156
-86.162,39.7755,219,0,0.0,152,0.6940639269406392,152,0.6940639269406392,67,0.3059360730593607,9,0,0.0,6,0.6666666666666666,6,0.6666666666666666,3,0.3333333333333333
-86.1615,39.7655,7464,0,0.0,5972,0.80010718113612,5972,0.80010718113612,1492,0.19989281886387997,79,0,0.0,54,0.6835443037974683,54,0.6835443037974683,25,0.31645569620253167
-86.1615,39.766,3563,0,0.0,2532,0.710637103564412,2532,0.710637103564412,1031,0.289362896435588,52,0,0.0,34,0.6538461538461539,34,0.6538461538461539,18,0.34615384615384615
-86.1615,39.7665,3189,0,0.0,2432,0.7626215114455942,2432,0.7626215114455942,757,0.23737848855440577,41,0,0.0,29,0.7073170731707317,29,0.7073170731707317,12,0.2926829268292683
-86.1615,39.767,11695,209,0.017870884993587004,9273,0.7929029499786233,9482,0.8107738349722103,2213,0.18922616502778966,132,8,0.06060606060606061,78,0.5909090909090909,86,0.6515151515151515,46,0.3484848484848485
-86.1615,39.7675,2051,31,0.015114578254509995,1433,0.6986835689907362,1464,0.7137981472452463,587,0.2862018527547538,59,1,0.01694915254237288,36,0.6101694915254238,37,0.6271186440677966,22,0.3728813559322034
-86.1615,39.768,35645,38,0.001066068172254173,20774,0.582802637116005,20812,0.5838687052882592,14833,0.41613129471174076,196,1,0.00510204081632653,73,0.37244897959183676,74,0.37755102040816324,122,0.6224489795918368
-86.1615,39.7685,3460,108,0.03121387283236994,2184,0.63121387283237,2292,0.6624277456647399,1168,0.3375722543352601,50,2,0.04,28,0.56,30,0.6,20,0.4
-86.1615,39.769,2704,123,0.045488165680473376,1178,0.4356508875739645,1301,0.48113905325443784,1403,0.5188609467455622,58,3,0.05172413793103448,31,0.5344827586206896,34,0.5862068965517241,24,0.41379310344827586
-86.1615,39.7695,5756,1094,0.19006254343293955,2986,0.5187630298818624,4080,0.7088255733148019,1676,0.29117442668519805,139,23,0.16546762589928057,62,0.4460431654676259,85,0.6115107913669064,54,0.38848920863309355
-86.1615,39.77,3976,915,0.2301307847082495,1286,0.32344064386317906,2201,0.5535714285714286,1775,0.44642857142857145,104,14,0.1346153846153846,39,0.375,53,0.5096153846153846,51,0.49038461538461536
-86.1615,39.7705,5568,1597,0.2868175287356322,1708,0.3067528735632184,3305,0.5935704022988506,2263,0.40642959770114945,77,12,0.15584415584415584,32,0.4155844155844156,44,0.5714285714285714,33,0.42857142857142855
-86.1615,39.771,28154,4417,0.15688712083540526,17298,0.6144064786531221,21715,0.7712935994885274,6439,0.22870640051147262,229,24,0.10480349344978165,119,0.519650655021834,143,0.6244541484716157,86,0.37554585152838427
-86.1615,39.7715,14292,3652,0.25552756787013714,7655,0.5356143296949343,11307,0.7911418975650715,2985,0.20885810243492864,199,32,0.16080402010050251,100,0.5025125628140703,132,0.6633165829145728,67,0.33668341708542715
-86.1615,39.772,20357,1240,0.060912708159355504,6254,0.307216190990814,7494,0.3681288991501695,12863,0.6318711008498306,138,23,0.16666666666666666,59,0.427536231884058,82,0.5942028985507246,56,0.4057971014492754
-86.1615,39.7725,53864,38156,0.7083766523095203,5880,0.10916381999108866,44036,0.817540472300609,9828,0.18245952769939106,319,95,0.29780564263322884,60,0.18808777429467086,155,0.48589341692789967,164,0.5141065830721003
-86.1615,39.773,1364,175,0.1282991202346041,935,0.6854838709677419,1110,0.813782991202346,254,0.18621700879765396,33,4,0.12121212121212122,24,0.7272727272727273,28,0.8484848484848485,5,0.15151515151515152
-86.1615,39.7735,85,34,0.4,51,0.6,85,1.0,0,0.0,3,1,0.3333333333333333,2,0.6666666666666666,3,1.0,0,0.0
-86.1615,39.774,1068,0,0.0,491,0.4597378277153558,491,0.4597378277153558,577,0.5402621722846442,29,0,0.0,12,0.41379310344827586,12,0.41379310344827586,17,0.5862068965517241
-86.1615,39.7755,275,0,0.0,180,0.6545454545454545,180,0.6545454545454545,95,0.34545454545454546,8,0,0.0,6,0.75,6,0.75,2,0.25
-86.161,39.7655,3475,0,0.0,2286,0.657841726618705,2286,0.657841726618705,1189,0.34215827338129495,80,0,0.0,69,0.8625,69,0.8625,11,0.1375
-86.161,39.7665,24,0,0.0,24,1.0,24,1.0,0,0.0,1,0,0.0,1,1.0,1,1.0,0,0.0
-86.161,39.767,8900,555,0.062359550561797754,6812,0.7653932584269663,7367,0.827752808988764,1533,0.17224719101123595,87,14,0.16091954022988506,49,0.5632183908045977,63,0.7241379310344828,24,0.27586206896551724
-86.161,39.7695,1055,274,0.25971563981042656,467,0.442654028436019,741,0.7023696682464455,314,0.2976303317535545,59,11,0.1864406779661017,25,0.423728813559322,36,0.6101694915254238,23,0.3898305084745763
-86.161,39.77,1229,723,0.5882831570382425,38,0.030919446704637917,761,0.6192026037428804,468,0.3807973962571196,10,2,0.2,1,0.1,3,0.3,7,0.7
-86.161,39.771,3431,420,0.12241329058583503,2200,0.6412124744972312,2620,0.7636257650830662,811,0.23637423491693385,81,10,0.12345679012345678,49,0.6049382716049383,59,0.7283950617283951,22,0.2716049382716049
-86.161,39.7715,2297,1010,0.43970396168915976,873,0.3800609490639965,1883,0.8197649107531563,414,0.1802350892468437,44,9,0.20454545454545456,23,0.5227272727272727,32,0.7272727272727273,12,0.2727272727272727
-86.161,39.772,710,391,0.5507042253521127,53,0.07464788732394366,444,0.6253521126760564,266,0.37464788732394366,20,8,0.4,4,0.2,12,0.6,8,0.4
-86.161,39.7725,13752,4394,0.3195171611401978,4173,0.30344677137870857,8567,0.6229639325189064,5185,0.37703606748109364,195,38,0.19487179487179487,74,0.37948717948717947,112,0.5743589743589743,83,0.4256410256410256
-86.161,39.773,1169,122,0.10436270316509838,771,0.6595380667236954,893,0.7639007698887939,276,0.23609923011120615,27,4,0.14814814814814814,18,0.6666666666666666,22,0.8148148148148148,5,0.18518518518518517
-86.161,39.7735,1861,230,0.12358946802794196,1386,0.7447608812466416,1616,0.8683503492745837,245,0.13164965072541646,33,5,0.15151515151515152,23,0.696969696969697,28,0.8484848484848485,5,0.15151515151515152
-86.161,39.774,12947,1515,0.11701552483200742,7427,0.5736464045724878,8942,0.6906619294044952,4005,0.3093380705955048,122,8,0.06557377049180328,72,0.5901639344262295,80,0.6557377049180327,42,0.3442622950819672
-86.161,39.7745,2493,109,0.04372242278379462,2041,0.8186923385479342,2150,0.8624147613317288,343,0.13758523866827116,37,2,0.05405405405405406,25,0.6756756756756757,27,0.7297297297297297,10,0.2702702702702703
-86.161,39.775,1719,47,0.027341477603257707,1212,0.7050610820244329,1259,0.7324025596276905,460,0.2675974403723095,34,1,0.029411764705882353,21,0.6176470588235294,22,0.6470588235294118,12,0.35294117647058826
-86.161,39.7755,10137,124,0.012232415902140673,6727,0.6636085626911316,6851,0.6758409785932722,3286,0.3241590214067278,81,2,0.024691358024691357,37,0.4567901234567901,39,0.48148148148148145,42,0.5185185185185185
-86.161,39.776,914,104,0.1137855579868709,411,0.449671772428884,515,0.5634573304157549,399,0.4365426695842451,19,2,0.10526315789473684,7,0.3684210526315789,9,0.47368421052631576,10,0.5263157894736842
-86.161,39.7765,2667,681,0.25534308211473566,713,0.2673415823022122,1394,0.5226846644169478,1273,0.4773153355830521,19,3,0.15789473684210525,5,0.2631578947368421,8,0.42105263157894735,11,0.5789473684210527
-86.161,39.777,1812,329,0.1815673289183223,671,0.37030905077262694,1000,0.5518763796909493,812,0.4481236203090508,20,3,0.15,6,0.3,9,0.45,11,0.55
-86.161,39.7775,951,138,0.14511041009463724,171,0.17981072555205047,309,0.3249211356466877,642,0.6750788643533123,17,3,0.17647058823529413,3,0.17647058823529413,6,0.35294117647058826,11,0.6470588235294118
-86.1605,39.7655,2072,0,0.0,1681,0.8112934362934363,1681,0.8112934362934363,391,0.18870656370656372,50,0,0.0,36,0.72,36,0.72,14,0.28
-86.1605,39.7665,306,0,0.0,306,1.0,306,1.0,0,0.0,1,0,0.0,1,1.0,1,1.0,0,0.0
-86.1605,39.767,2434,298,0.12243221035332785,1765,0.7251437962202136,2063,0.8475760065735415,371,0.15242399342645852,51,10,0.19607843137254902,31,0.6078431372549019,41,0.803921568627451,10,0.19607843137254902
-86.1605,39.7695,1151,213,0.18505647263249347,529,0.4596003475238923,742,0.6446568201563858,409,0.35534317984361424,66,11,0.16666666666666666,28,0.42424242424242425,39,0.5909090909090909,27,0.4090909090909091
-86.1605,39.77,2093,0,0.0,37,0.017677974199713332,37,0.017677974199713332,2056,0.9823220258002867,8,0,0.0,1,0.125,1,0.125,7,0.875
-86.1605,39.771,18163,747,0.041127567031878,1699,0.09354181577933161,2446,0.1346693828112096,15717,0.8653306171887905,107,16,0.14953271028037382,51,0.4766355140186916,67,0.6261682242990654,40,0.37383177570093457
-86.1605,39.7725,2771,529,0.19090581017683148,1090,0.3933597979068928,1619,0.5842656080837243,1152,0.4157343919162757,83,13,0.1566265060240964,39,0.46987951807228917,52,0.6265060240963856,31,0.37349397590361444
-86.1605,39.774,1313,2,0.0015232292460015233,200,0.15232292460015232,202,0.15384615384615383,1111,0.8461538461538461,41,1,0.024390243902439025,6,0.14634146341463414,7,0.17073170731707318,34,0.8292682926829268
-86.1605,39.7755,1471,0,0.0,275,0.18694765465669613,275,0.18694765465669613,1196,0.8130523453433038,39,0,0.0,9,0.23076923076923078,9,0.23076923076923078,30,0.7692307692307693
-86.16,39.7655,11580,0,0.0,5870,0.5069084628670121,5870,0.5069084628670121,5710,0.4930915371329879,153,0,0.0,81,0.5294117647058824,81,0.5294117647058824,72,0.47058823529411764
-86.16,39.766,4397,0,0.0,2468,0.5612917898567205,2468,0.5612917898567205,1929,0.4387082101432795,45,0,0.0,13,0.28888888888888886,13,0.28888888888888886,32,0.7111111111111111
-86.16,39.7665,5191,0,0.0,2678,0.5158928915430553,2678,0.5158928915430553,2513,0.4841071084569447,52,0,0.0,30,0.5769230769230769,30,0.5769230769230769,22,0.4230769230769231
-86.16,39.767,3662,309,0.0843801201529219,2670,0.7291097760786456,2979,0.8134898962315675,683,0.18651010376843255,54,7,0.12962962962962962,33,0.6111111111111112,40,0.7407407407407407,14,0.25925925925925924
-86.16,39.7675,215,0,0.0,214,0.9953488372093023,214,0.9953488372093023,1,0.004651162790697674,4,0,0.0,3,0.75,3,0.75,1,0.25
-86.16,39.768,946,0,0.0,364,0.38477801268498946,364,0.38477801268498946,582,0.6152219873150105,4,0,0.0,2,0.5,2,0.5,2,0.5
-86.16,39.7685,74,0,0.0,0,0.0,0,0.0,74,1.0,1,0,0.0,0,0.0,0,0.0,1,1.0
-86.16,39.769,90,0,0.0,0,0.0,0,0.0,90,1.0,1,0,0.0,0,0.0,0,0.0,1,1.0
-86.16,39.7695,9741,1833,0.1881736987988913,1409,0.14464634021147726,3242,0.33282003901036855,6499,0.6671799609896315,94,14,0.14893617021276595,30,0.3191489361702128,44,0.46808510638297873,50,0.5319148936170213
-86.16,39.77,495,0,0.0,57,0.11515151515151516,57,0.11515151515151516,438,0.8848484848484849,8,0,0.0,2,0.25,2,0.25,6,0.75
-86.16,39.771,5161,830,0.16082154621197442,2983,0.5779887618678551,3813,0.7388103080798295,1348,0.2611896919201705,95,14,0.14736842105263157,53,0.5578947368421052,67,0.7052631578947368,28,0.29473684210526313
-86.16,39.7725,3930,672,0.17099236641221374,1086,0.27633587786259545,1758,0.4473282442748092,2172,0.5526717557251909,83,17,0.20481927710843373,31,0.37349397590361444,48,0.5783132530120482,35,0.42168674698795183
-86.16,39.774,1170,0,0.0,148,0.1264957264957265,148,0.1264957264957265,1022,0.8735042735042735,44,0,0.0,3,0.06818181818181818,3,0.06818181818181818,41,0.9318181818181818
-86.16,39.7755,1169,28,0.023952095808383235,232,0.19846022241231823,260,0.22241231822070145,909,0.7775876817792986,32,3,0.09375,6,0.1875,9,0.28125,23,0.71875
-86.1595,39.7655,1345,0,0.0,597,0.44386617100371745,597,0.44386617100371745,748,0.5561338289962825,62,0,0.0,29,0.46774193548387094,29,0.46774193548387094,33,0.532258064516129
-86.1595,39.766,3021,0,0.0,1045,0.34591194968553457,1045,0.34591194968553457,1976,0.6540880503144654,83,0,0.0,32,0.3855421686746988,32,0.3855421686746988,51,0.6144578313253012
-86.1595,39.7665,20816,0,0.0,13609,0.6537759415833974,13609,0.6537759415833974,7207,0.3462240584166026,192,0,0.0,119,0.6197916666666666,119,0.6197916666666666,73,0.3802083333333333
-86.1595,39.767,10484,1151,0.10978634109118657,7379,0.7038344143456696,8530,0.8136207554368562,1954,0.18637924456314384,125,11,0.088,84,0.672,95,0.76,30,0.24
-86.1595,39.7675,2375,0,0.0,1684,0.7090526315789474,1684,0.7090526315789474,691,0.2909473684210526,28,0,0.0,18,0.6428571428571429,18,0.6428571428571429,10,0.35714285714285715
-86.1595,39.768,6882,0,0.0,4338,0.6303400174367916,4338,0.6303400174367916,2544,0.36965998256320837,51,0,0.0,32,0.6274509803921569,32,0.6274509803921569,19,0.37254901960784315
-86.1595,39.7685,2087,0,0.0,896,0.4293243890752276,896,0.4293243890752276,1191,0.5706756109247724,20,0,0.0,9,0.45,9,0.45,11,0.55
-86.1595,39.769,2540,0,0.0,844,0.33228346456692914,844,0.33228346456692914,1696,0.6677165354330709,20,0,0.0,9,0.45,9,0.45,11,0.55
-86.1595,39.7695,6772,230,0.03396337861783816,1595,0.23552864737152984,1825,0.269492025989368,4947,0.730507974010632,59,4,0.06779661016949153,16,0.2711864406779661,20,0.3389830508474576,39,0.6610169491525424
-86.1595,39.77,2626,0,0.0,662,0.2520944402132521,662,0.2520944402132521,1964,0.7479055597867479,39,0,0.0,12,0.3076923076923077,12,0.3076923076923077,27,0.6923076923076923
-86.1595,39.7705,2532,0,0.0,361,0.14257503949447078,361,0.14257503949447078,2171,0.8574249605055292,31,0,0.0,8,0.25806451612903225,8,0.25806451612903225,23,0.7419354838709677
-86.1595,39.771,20239,673,0.03325263105884678,13617,0.6728099214388062,14290,0.706062552497653,5949,0.29393744750234696,342,14,0.04093567251461988,199,0.5818713450292398,213,0.6228070175438597,129,0.37719298245614036
-86.1595,39.7715,2437,55,0.02256873204759951,173,0.07098892080426754,228,0.09355765285186704,2209,0.906442347148133,63,2,0.031746031746031744,8,0.12698412698412698,10,0.15873015873015872,53,0.8412698412698413
-86.1595,39.772,2778,0,0.0,397,0.14290856731461482,397,0.14290856731461482,2381,0.8570914326853851,45,0,0.0,11,0.24444444444444444,11,0.24444444444444444,34,0.7555555555555555
-86.1595,39.7725,13139,2046,0.15571961336479184,1478,0.11248953497222011,3524,0.2682091483370119,9615,0.7317908516629881,188,31,0.16489361702127658,35,0.18617021276595744,66,0.35106382978723405,122,0.648936170212766
-86.1595,39.773,13584,182,0.01339811542991755,141,0.010379858657243815,323,0.023777974087161365,13261,0.9762220259128387,51,4,0.0784313725490196,4,0.0784313725490196,8,0.1568627450980392,43,0.8431372549019608
-86.1595,39.7735,3221,282,0.08755045017075443,145,0.04501707544240919,427,0.13256752561316362,2794,0.8674324743868363,60,5,0.08333333333333333,5,0.08333333333333333,10,0.16666666666666666,50,0.8333333333333334
-86.1595,39.774,5725,90,0.01572052401746725,398,0.06951965065502183,488,0.08524017467248908,5237,0.9147598253275109,102,3,0.029411764705882353,11,0.10784313725490197,14,0.13725490196078433,88,0.8627450980392157
-86.1595,39.7745,2415,117,0.0484472049689441,126,0.05217391304347826,243,0.10062111801242235,2172,0.8993788819875776,56,7,0.125,7,0.125,14,0.25,42,0.75
-86.1595,39.775,12245,241,0.019681502654144548,8226,0.6717844017966517,8467,0.6914659044507963,3778,0.30853409554920375,96,6,0.0625,29,0.3020833333333333,35,0.3645833333333333,61,0.6354166666666666
-86.1595,39.7755,6094,189,0.031014112241549065,2737,0.4491302920905809,2926,0.48014440433212996,3168,0.51985559566787,70,5,0.07142857142857142,19,0.2714285714285714,24,0.34285714285714286,46,0.6571428571428571
-86.1595,39.776,1338,87,0.06502242152466367,335,0.25037369207772797,422,0.3153961136023916,916,0.6846038863976084,27,2,0.07407407407407407,8,0.2962962962962963,10,0.37037037037037035,17,0.6296296296296297
-86.1595,39.7765,3318,0,0.0,2118,0.6383363471971067,2118,0.6383363471971067,1200,0.3616636528028933,39,0,0.0,21,0.5384615384615384,21,0.5384615384615384,18,0.46153846153846156
-86.1595,39.777,1112,0,0.0,710,0.6384892086330936,710,0.6384892086330936,402,0.36151079136690645,25,0,0.0,13,0.52,13,0.52,12,0.48
-86.1595,39.7775,3348,0,0.0,2138,0.6385902031063322,2138,0.6385902031063322,1210,0.36140979689366787,35,0,0.0,16,0.45714285714285713,16,0.45714285714285713,19,0.5428571428571428
-86.159,39.7655,417,0,0.0,140,0.33573141486810554,140,0.33573141486810554,277,0.6642685851318945,17,0,0.0,8,0.47058823529411764,8,0.47058823529411764,9,0.5294117647058824
-86.159,39.767,3057,412,0.1347726529277069,1598,0.5227347072293098,2010,0.6575073601570167,1047,0.34249263984298334,43,10,0.23255813953488372,23,0.5348837209302325,33,0.7674418604651163,10,0.23255813953488372
-86.159,39.7695,1203,134,0.1113881961762261,79,0.0656691604322527,213,0.1770573566084788,990,0.8229426433915212,31,4,0.12903225806451613,4,0.12903225806451613,8,0.25806451612903225,23,0.7419354838709677
-86.159,39.77,418,0,0.0,0,0.0,0,0.0,418,1.0,12,0,0.0,0,0.0,0,0.0,12,1.0
-86.159,39.771,2794,301,0.10773085182534002,1467,0.5250536864710093,1768,0.6327845382963493,1026,0.36721546170365066,78,11,0.14102564102564102,39,0.5,50,0.6410256410256411,28,0.358974358974359
-86.159,39.7725,10559,3428,0.324651955677621,678,0.06421062600625059,4106,0.3888625816838716,6453,0.6111374183161284,121,35,0.2892561983471074,16,0.1322314049586777,51,0.4214876033057851,70,0.5785123966942148
-86.159,39.774,1988,0,0.0,315,0.15845070422535212,315,0.15845070422535212,1673,0.8415492957746479,34,0,0.0,6,0.17647058823529413,6,0.17647058823529413,28,0.8235294117647058
-86.159,39.775,651,0,0.0,147,0.22580645161290322,147,0.22580645161290322,504,0.7741935483870968,15,0,0.0,4,0.26666666666666666,4,0.26666666666666666,11,0.7333333333333333
-86.159,39.7755,3710,9,0.002425876010781671,320,0.0862533692722372,329,0.08867924528301888,3381,0.9113207547169812,49,1,0.02040816326530612,9,0.1836734693877551,10,0.20408163265306123,39,0.7959183673469388
-86.159,39.776,60,0,0.0,16,0.26666666666666666,16,0.26666666666666666,44,0.7333333333333333,3,0,0.0,1,0.3333333333333333,1,0.3333333333333333,2,0.6666666666666666
-86.159,39.7765,484,0,0.0,375,0.7747933884297521,375,0.7747933884297521,109,0.22520661157024793,4,0,0.0,2,0.5,2,0.5,2,0.5
-86.159,39.777,242,0,0.0,101,0.41735537190082644,101,0.41735537190082644,141,0.5826446280991735,7,0,0.0,4,0.5714285714285714,4,0.5714285714285714,3,0.42857142857142855
-86.159,39.7775,1070,0,0.0,330,0.308411214953271,330,0.308411214953271,740,0.6915887850467289,17,0,0.0,7,0.4117647058823529,7,0.4117647058823529,10,0.5882352941176471
-86.1585,39.7655,809,0,0.0,266,0.3288009888751545,266,0.3288009888751545,543,0.6711990111248455,17,0,0.0,7,0.4117647058823529,7,0.4117647058823529,10,0.5882352941176471
-86.1585,39.7665,15,0,0.0,15,1.0,15,1.0,0,0.0,1,0,0.0,1,1.0,1,1.0,0,0.0
-86.1585,39.767,1148,268,0.23344947735191637,762,0.6637630662020906,1030,0.8972125435540069,118,0.10278745644599303,21,5,0.23809523809523808,14,0.6666666666666666,19,0.9047619047619048,2,0.09523809523809523
-86.1585,39.768,2324,0,0.0,1365,0.5873493975903614,1365,0.5873493975903614,959,0.4126506024096386,15,0,0.0,5,0.3333333333333333,5,0.3333333333333333,10,0.6666666666666666
-86.1585,39.7685,1032,0,0.0,221,0.21414728682170542,221,0.21414728682170542,811,0.7858527131782945,15,0,0.0,5,0.3333333333333333,5,0.3333333333333333,10,0.6666666666666666
-86.1585,39.7695,1358,126,0.09278350515463918,46,0.033873343151693665,172,0.12665684830633284,1186,0.8733431516936672,32,3,0.09375,2,0.0625,5,0.15625,27,0.84375
-86.1585,39.77,49,0,0.0,0,0.0,0,0.0,49,1.0,3,0,0.0,0,0.0,0,0.0,3,1.0
-86.1585,39.771,2576,41,0.01591614906832298,1350,0.5240683229813664,1391,0.5399844720496894,1185,0.46001552795031053,60,3,0.05,29,0.48333333333333334,32,0.5333333333333333,28,0.4666666666666667
-86.1585,39.7725,2225,715,0.32134831460674157,37,0.01662921348314607,752,0.3379775280898876,1473,0.6620224719101123,52,16,0.3076923076923077,1,0.019230769230769232,17,0.3269230769230769,35,0.6730769230769231
-86.1585,39.774,1100,0,0.0,46,0.04181818181818182,46,0.04181818181818182,1054,0.9581818181818181,33,0,0.0,3,0.09090909090909091,3,0.09090909090909091,30,0.9090909090909091
-86.1585,39.775,964,0,0.0,67,0.06950207468879668,67,0.06950207468879668,897,0.9304979253112033,11,0,0.0,2,0.18181818181818182,2,0.18181818181818182,9,0.8181818181818182
-86.1585,39.7755,1226,0,0.0,227,0.18515497553017946,227,0.18515497553017946,999,0.8148450244698205,33,0,0.0,6,0.18181818181818182,6,0.18181818181818182,27,0.8181818181818182
-86.1585,39.7775,385,0,0.0,159,0.412987012987013,159,0.412987012987013,226,0.587012987012987,8,0,0.0,4,0.5,4,0.5,4,0.5
-86.158,39.7655,4547,163,0.03584781174400704,2652,0.5832416978227403,2815,0.6190895095667474,1732,0.3809104904332527,70,1,0.014285714285714285,41,0.5857142857142857,42,0.6,28,0.4
-86.158,39.766,1388,63,0.045389048991354465,1075,0.7744956772334294,1138,0.8198847262247838,250,0.18011527377521613,24,1,0.041666666666666664,16,0.6666666666666666,17,0.7083333333333334,7,0.2916666666666667
-86.158,39.7665,2144,102,0.04757462686567164,1408,0.6567164179104478,1510,0.7042910447761194,634,0.2957089552238806,39,3,0.07692307692307693,25,0.6410256410256411,28,0.717948717948718,11,0.28205128205128205
-86.158,39.767,7784,835,0.10727132579650565,5102,0.6554470709146968,5937,0.7627183967112025,1847,0.23728160328879752,56,9,0.16071428571428573,36,0.6428571428571429,45,0.8035714285714286,11,0.19642857142857142
-86.158,39.7675,2991,254,0.0849214309595453,1726,0.5770645269140756,1980,0.6619859578736209,1011,0.33801404212637914,29,3,0.10344827586206896,14,0.4827586206896552,17,0.5862068965517241,12,0.41379310344827586
-86.158,39.768,728,0,0.0,303,0.41620879120879123,303,0.41620879120879123,425,0.5837912087912088,9,0,0.0,4,0.4444444444444444,4,0.4444444444444444,5,0.5555555555555556
-86.158,39.7685,394,0,0.0,55,0.13959390862944163,55,0.13959390862944163,339,0.8604060913705583,12,0,0.0,2,0.16666666666666666,2,0.16666666666666666,10,0.8333333333333334
-86.158,39.769,2020,0,0.0,237,0.11732673267326732,237,0.11732673267326732,1783,0.8826732673267327,22,0,0.0,4,0.18181818181818182,4,0.18181818181818182,18,0.8181818181818182
-86.158,39.7695,3616,131,0.03622787610619469,604,0.1670353982300885,735,0.2032632743362832,2881,0.7967367256637168,52,3,0.057692307692307696,4,0.07692307692307693,7,0.1346153846153846,45,0.8653846153846154
-86.158,39.77,3101,3,0.0009674298613350532,46,0.014833924540470816,49,0.01580135440180587,3052,0.9841986455981941,31,1,0.03225806451612903,2,0.06451612903225806,3,0.0967741935483871,28,0.9032258064516129
-86.158,39.7705,719,23,0.031988873435326845,1,0.0013908205841446453,24,0.03337969401947149,695,0.9666203059805285,21,1,0.047619047619047616,1,0.047619047619047616,2,0.09523809523809523,19,0.9047619047619048
-86.158,39.771,6050,8,0.001322314049586777,1710,0.28264462809917357,1718,0.28396694214876034,4332,0.7160330578512397,109,1,0.009174311926605505,44,0.4036697247706422,45,0.41284403669724773,64,0.5871559633027523
-86.158,39.7715,49,0,0.0,0,0.0,0,0.0,49,1.0,2,0,0.0,0,0.0,0,0.0,2,1.0
-86.158,39.7725,2628,734,0.2792998477929985,55,0.020928462709284626,789,0.3002283105022831,1839,0.6997716894977168,58,14,0.2413793103448276,2,0.034482758620689655,16,0.27586206896551724,42,0.7241379310344828
-86.158,39.774,1080,14,0.012962962962962963,91,0.08425925925925926,105,0.09722222222222222,975,0.9027777777777778,35,2,0.05714285714285714,3,0.08571428571428572,5,0.14285714285714285,30,0.8571428571428571
-86.158,39.775,3376,0,0.0,1514,0.4484597156398104,1514,0.4484597156398104,1862,0.5515402843601895,24,0,0.0,8,0.3333333333333333,8,0.3333333333333333,16,0.6666666666666666
-86.158,39.7755,1129,0,0.0,383,0.3392382639503986,383,0.3392382639503986,746,0.6607617360496014,27,0,0.0,4,0.14814814814814814,4,0.14814814814814814,23,0.8518518518518519
-86.158,39.7775,597,0,0.0,226,0.3785594639865997,226,0.3785594639865997,371,0.6214405360134003,22,0,0.0,5,0.22727272727272727,5,0.22727272727272727,17,0.7727272727272727
-86.158,39.778,2,0,0.0,0,0.0,0,0.0,2,1.0,1,0,0.0,0,0.0,0,0.0,1,1.0
-86.1575,39.7655,864,0,0.0,380,0.4398148148148148,380,0.4398148148148148,484,0.5601851851851852,21,0,0.0,10,0.47619047619047616,10,0.47619047619047616,11,0.5238095238095238
-86.1575,39.7665,829,0,0.0,513,0.6188178528347407,513,0.6188178528347407,316,0.38118214716525933,10,0,0.0,7,0.7,7,0.7,3,0.3
-86.1575,39.767,51572,22439,0.4351004421003645,8953,0.17360195454898006,31392,0.6087023966493446,20180,0.3912976033506554,130,20,0.15384615384615385,71,0.5461538461538461,91,0.7,39,0.3
-86.1575,39.7675,392,29,0.07397959183673469,203,0.5178571428571429,232,0.5918367346938775,160,0.40816326530612246,12,1,0.08333333333333333,7,0.5833333333333334,8,0.6666666666666666,4,0.3333333333333333
-86.1575,39.768,530,53,0.1,305,0.5754716981132075,358,0.6754716981132075,172,0.32452830188679244,13,1,0.07692307692307693,8,0.6153846153846154,9,0.6923076923076923,4,0.3076923076923077
-86.1575,39.7685,350,0,0.0,213,0.6085714285714285,213,0.6085714285714285,137,0.3914285714285714,8,0,0.0,4,0.5,4,0.5,4,0.5
-86.1575,39.769,749,0,0.0,633,0.8451268357810414,633,0.8451268357810414,116,0.1548731642189586,9,0,0.0,7,0.7777777777777778,7,0.7777777777777778,2,0.2222222222222222
-86.1575,39.7695,2218,74,0.033363390441839495,838,0.37781785392245265,912,0.41118124436429215,1306,0.5888187556357078,35,3,0.08571428571428572,6,0.17142857142857143,9,0.2571428571428571,26,0.7428571428571429
-86.1575,39.77,398,0,0.0,230,0.5778894472361809,230,0.5778894472361809,168,0.4221105527638191,12,0,0.0,7,0.5833333333333334,7,0.5833333333333334,5,0.4166666666666667
-86.1575,39.7705,989,4,0.004044489383215369,364,0.36804853387259856,368,0.37209302325581395,621,0.627906976744186,16,1,0.0625,5,0.3125,6,0.375,10,0.625
-86.1575,39.771,5555,41,0.007380738073807381,979,0.17623762376237623,1020,0.1836183618361836,4535,0.8163816381638164,121,1,0.008264462809917356,46,0.38016528925619836,47,0.3884297520661157,74,0.6115702479338843
-86.1575,39.7715,3575,97,0.027132867132867132,1754,0.4906293706293706,1851,0.5177622377622377,1724,0.4822377622377622,112,2,0.017857142857142856,70,0.625,72,0.6428571428571429,40,0.35714285714285715
-86.1575,39.772,3773,40,0.010601643254704479,1445,0.38298436257619933,1485,0.3935860058309038,2288,0.6064139941690962,62,1,0.016129032258064516,26,0.41935483870967744,27,0.43548387096774194,35,0.5645161290322581
-86.1575,39.7725,16660,1364,0.08187274909963986,1897,0.11386554621848739,3261,0.19573829531812725,13399,0.8042617046818727,131,12,0.0916030534351145,25,0.19083969465648856,37,0.2824427480916031,94,0.7175572519083969
-86.1575,39.773,1352,32,0.023668639053254437,54,0.03994082840236687,86,0.06360946745562131,1266,0.9363905325443787,34,3,0.08823529411764706,4,0.11764705882352941,7,0.20588235294117646,27,0.7941176470588235
-86.1575,39.7735,2705,156,0.05767097966728281,81,0.029944547134935304,237,0.08761552680221811,2468,0.9123844731977819,48,4,0.08333333333333333,4,0.08333333333333333,8,0.16666666666666666,40,0.8333333333333334
-86.1575,39.774,6452,223,0.034562926224426534,307,0.047582145071295726,530,0.08214507129572227,5922,0.9178549287042778,94,11,0.11702127659574468,5,0.05319148936170213,16,0.1702127659574468,78,0.8297872340425532
-86.1575,39.7745,2400,94,0.03916666666666667,188,0.07833333333333334,282,0.11750000000000001,2118,0.8825,44,5,0.11363636363636363,3,0.06818181818181818,8,0.18181818181818182,36,0.8181818181818182
-86.1575,39.775,5120,25,0.0048828125,947,0.1849609375,972,0.18984375,4148,0.81015625,63,2,0.031746031746031744,16,0.25396825396825395,18,0.2857142857142857,45,0.7142857142857143
-86.1575,39.7755,1593,0,0.0,220,0.13810420590081607,220,0.13810420590081607,1373,0.8618957940991839,29,0,0.0,3,0.10344827586206896,3,0.10344827586206896,26,0.896551724137931
-86.1575,39.776,270,0,0.0,83,0.3074074074074074,83,0.3074074074074074,187,0.6925925925925925,6,0,0.0,2,0.3333333333333333,2,0.3333333333333333,4,0.6666666666666666
-86.1575,39.7765,294,0,0.0,77,0.2619047619047619,77,0.2619047619047619,217,0.7380952380952381,6,0,0.0,2,0.3333333333333333,2,0.3333333333333333,4,0.6666666666666666
-86.1575,39.777,457,0,0.0,220,0.4814004376367615,220,0.4814004376367615,237,0.5185995623632386,9,0,0.0,5,0.5555555555555556,5,0.5555555555555556,4,0.4444444444444444
-86.1575,39.7775,9558,0,0.0,2714,0.2839506172839506,2714,0.2839506172839506,6844,0.7160493827160493,56,0,0.0,11,0.19642857142857142,11,0.19642857142857142,45,0.8035714285714286
-86.157,39.7655,754,0,0.0,433,0.5742705570291777,433,0.5742705570291777,321,0.42572944297082227,22,0,0.0,13,0.5909090909090909,13,0.5909090909090909,9,0.4090909090909091
-86.157,39.7665,74,31,0.4189189189189189,0,0.0,31,0.4189189189189189,43,0.581081081081081,2,1,0.5,0,0.0,1,0.5,1,0.5
-86.157,39.767,2756,278,0.10087082728592163,2038,0.739477503628447,2316,0.8403483309143687,440,0.15965166908563136,55,5,0.09090909090909091,37,0.6727272727272727,42,0.7636363636363637,13,0.23636363636363636
-86.157,39.768,703,93,0.13229018492176386,382,0.5433854907539118,475,0.6756756756756757,228,0.32432432432432434,10,1,0.1,6,0.6,7,0.7,3,0.3
-86.157,39.7685,1712,27,0.015771028037383176,1447,0.8452102803738317,1474,0.8609813084112149,238,0.13901869158878505,13,1,0.07692307692307693,8,0.6153846153846154,9,0.6923076923076923,4,0.3076923076923077
-86.157,39.769,9,0,0.0,9,1.0,9,1.0,0,0.0,1,0,0.0,1,1.0,1,1.0,0,0.0
-86.157,39.7695,676,0,0.0,72,0.10650887573964497,72,0.10650887573964497,604,0.893491124260355,25,0,0.0,3,0.12,3,0.12,22,0.88
-86.157,39.771,4431,0,0.0,7,0.001579778830963665,7,0.001579778830963665,4424,0.9984202211690363,42,0,0.0,2,0.047619047619047616,2,0.047619047619047616,40,0.9523809523809523
-86.157,39.7725,2397,0,0.0,0,0.0,0,0.0,2397,1.0,14,0,0.0,0,0.0,0,0.0,14,1.0
-86.157,39.774,1899,301,0.15850447604002108,64,0.03370194839389152,365,0.1922064244339126,1534,0.8077935755660874,32,8,0.25,1,0.03125,9,0.28125,23,0.71875
-86.157,39.775,2034,0,0.0,296,0.1455260570304818,296,0.1455260570304818,1738,0.8544739429695182,30,0,0.0,8,0.26666666666666666,8,0.26666666666666666,22,0.7333333333333333
-86.157,39.7755,975,0,0.0,0,0.0,0,0.0,975,1.0,16,0,0.0,0,0.0,0,0.0,16,1.0
-86.157,39.7775,1006,0,0.0,0,0.0,0,0.0,1006,1.0,8,0,0.0,0,0.0,0,0.0,8,1.0
-86.1565,39.7655,2960,0,0.0,2383,0.8050675675675676,2383,0.8050675675675676,577,0.19493243243243244,34,0,0.0,28,0.8235294117647058,28,0.8235294117647058,6,0.17647058823529413
-86.1565,39.7665,279,65,0.23297491039426524,156,0.5591397849462365,221,0.7921146953405017,58,0.2078853046594982,4,1,0.25,2,0.5,3,0.75,1,0.25
-86.1565,39.767,1352,246,0.1819526627218935,729,0.5392011834319527,975,0.7211538461538461,377,0.27884615384615385,36,5,0.1388888888888889,20,0.5555555555555556,25,0.6944444444444444,11,0.3055555555555556
-86.1565,39.7695,914,0,0.0,103,0.11269146608315099,103,0.11269146608315099,811,0.887308533916849,22,0,0.0,3,0.13636363636363635,3,0.13636363636363635,19,0.8636363636363636
-86.1565,39.771,3228,0,0.0,161,0.04987608426270136,161,0.04987608426270136,3067,0.9501239157372986,32,0,0.0,2,0.0625,2,0.0625,30,0.9375
-86.1565,39.7725,605,0,0.0,0,0.0,0,0.0,605,1.0,11,0,0.0,0,0.0,0,0.0,11,1.0
-86.1565,39.774,1288,319,0.24767080745341616,44,0.034161490683229816,363,0.28183229813664595,925,0.718167701863354,34,9,0.2647058823529412,1,0.029411764705882353,10,0.29411764705882354,24,0.7058823529411765
-86.1565,39.775,1939,0,0.0,691,0.3563692625064466,691,0.3563692625064466,1248,0.6436307374935534,37,0,0.0,13,0.35135135135135137,13,0.35135135135135137,24,0.6486486486486487
-86.1565,39.7755,266,0,0.0,0,0.0,0,0.0,266,1.0,12,0,0.0,0,0.0,0,0.0,12,1.0
-86.1565,39.7775,2034,0,0.0,0,0.0,0,0.0,2034,1.0,7,0,0.0,0,0.0,0,0.0,7,1.0
-86.156,39.7655,4805,729,0.15171696149843913,3634,0.7562955254942768,4363,0.908012486992716,442,0.09198751300728408,63,4,0.06349206349206349,42,0.6666666666666666,46,0.7301587301587301,17,0.2698412698412698
-86.156,39.766,4521,0,0.0,4303,0.9517805795178058,4303,0.9517805795178058,218,0.04821942048219421,28,0,0.0,17,0.6071428571428571,17,0.6071428571428571,11,0.39285714285714285
-86.156,39.7665,3214,93,0.02893590541381456,2641,0.8217174859987555,2734,0.85065339141257,480,0.14934660858742999,47,2,0.0425531914893617,26,0.5531914893617021,28,0.5957446808510638,19,0.40425531914893614
-86.156,39.767,4456,165,0.03702872531418312,2972,0.6669658886894075,3137,0.7039946140035906,1319,0.29600538599640935,66,4,0.06060606060606061,37,0.5606060606060606,41,0.6212121212121212,25,0.3787878787878788
-86.156,39.7675,1126,0,0.0,577,0.5124333925399644,577,0.5124333925399644,549,0.48756660746003555,23,0,0.0,11,0.4782608695652174,11,0.4782608695652174,12,0.5217391304347826
-86.156,39.768,28944,0,0.0,7171,0.24775428413488115,7171,0.24775428413488115,21773,0.7522457158651189,97,0,0.0,29,0.29896907216494845,29,0.29896907216494845,68,0.7010309278350515
-86.156,39.7685,2799,0,0.0,943,0.3369060378706681,943,0.3369060378706681,1856,0.6630939621293319,36,0,0.0,9,0.25,9,0.25,27,0.75
-86.156,39.769,1188,0,0.0,266,0.2239057239057239,266,0.2239057239057239,922,0.7760942760942761,27,0,0.0,8,0.2962962962962963,8,0.2962962962962963,19,0.7037037037037037
-86.156,39.7695,14191,1793,0.12634768515256148,1437,0.10126136283560003,3230,0.2276090479881615,10961,0.7723909520118385,73,6,0.0821917808219178,16,0.2191780821917808,22,0.3013698630136986,51,0.6986301369863014
-86.156,39.77,2593,0,0.0,508,0.19591207096027768,508,0.19591207096027768,2085,0.8040879290397224,32,0,0.0,7,0.21875,7,0.21875,25,0.78125
-86.156,39.7705,1078,0,0.0,151,0.14007421150278293,151,0.14007421150278293,927,0.859925788497217,20,0,0.0,2,0.1,2,0.1,18,0.9
-86.156,39.771,6132,0,0.0,513,0.08365949119373776,513,0.08365949119373776,5619,0.9163405088062623,54,0,0.0,3,0.05555555555555555,3,0.05555555555555555,51,0.9444444444444444
-86.156,39.7715,4436,0,0.0,232,0.05229936880072137,232,0.05229936880072137,4204,0.9477006311992786,31,0,0.0,2,0.06451612903225806,2,0.06451612903225806,29,0.9354838709677419
-86.156,39.772,1074,0,0.0,54,0.05027932960893855,54,0.05027932960893855,1020,0.9497206703910615,19,0,0.0,1,0.05263157894736842,1,0.05263157894736842,18,0.9473684210526315
-86.156,39.7725,5024,0,0.0,126,0.025079617834394906,126,0.025079617834394906,4898,0.9749203821656051,34,0,0.0,4,0.11764705882352941,4,0.11764705882352941,30,0.8823529411764706
-86.156,39.773,4325,35,0.008092485549132947,328,0.07583815028901734,363,0.08393063583815029,3962,0.9160693641618497,31,1,0.03225806451612903,3,0.0967741935483871,4,0.12903225806451613,27,0.8709677419354839
-86.156,39.7735,2793,114,0.04081632653061224,257,0.09201575366988901,371,0.13283208020050125,2422,0.8671679197994987,31,2,0.06451612903225806,3,0.0967741935483871,5,0.16129032258064516,26,0.8387096774193549
-86.156,39.774,7352,630,0.08569096844396083,407,0.05535908596300326,1037,0.1410500544069641,6315,0.858949945593036,64,11,0.171875,7,0.109375,18,0.28125,46,0.71875
-86.156,39.7745,2095,60,0.028639618138424822,58,0.02768496420047733,118,0.056324582338902154,1977,0.9436754176610979,22,1,0.045454545454545456,1,0.045454545454545456,2,0.09090909090909091,20,0.9090909090909091
-86.156,39.775,10937,69,0.006308859833592393,1495,0.13669196306116851,1564,0.1430008228947609,9373,0.8569991771052391,40,1,0.025,14,0.35,15,0.375,25,0.625
-86.156,39.7755,537,0,0.0,2,0.0037243947858473,2,0.0037243947858473,535,0.9962756052141527,10,0,0.0,1,0.1,1,0.1,9,0.9
-86.156,39.7775,2212,0,0.0,0,0.0,0,0.0,2212,1.0,10,0,0.0,0,0.0,0,0.0,10,1.0
-86.1555,39.7655,809,0,0.0,557,0.688504326328801,557,0.688504326328801,252,0.311495673671199,19,0,0.0,14,0.7368421052631579,14,0.7368421052631579,5,0.2631578947368421
-86.1555,39.7665,1668,339,0.20323741007194246,778,0.46642685851318944,1117,0.669664268585132,551,0.3303357314148681,25,7,0.28,11,0.44,18,0.72,7,0.28
-86.1555,39.767,4251,164,0.03857915784521289,3573,0.8405081157374735,3737,0.8790872735826865,514,0.12091272641731357,38,3,0.07894736842105263,25,0.6578947368421053,28,0.7368421052631579,10,0.2631578947368421
-86.1555,39.7695,1200,210,0.175,82,0.06833333333333333,292,0.24333333333333332,908,0.7566666666666667,28,6,0.21428571428571427,2,0.07142857142857142,8,0.2857142857142857,20,0.7142857142857143
-86.1555,39.771,2460,0,0.0,165,0.06707317073170732,165,0.06707317073170732,2295,0.9329268292682927,35,0,0.0,5,0.14285714285714285,5,0.14285714285714285,30,0.8571428571428571
-86.1555,39.7715,13,0,0.0,0,0.0,0,0.0,13,1.0,1,0,0.0,0,0.0,0,0.0,1,1.0
-86.1555,39.772,55,0,0.0,0,0.0,0,0.0,55,1.0,2,0,0.0,0,0.0,0,0.0,2,1.0
-86.1555,39.7725,352,0,0.0,0,0.0,0,0.0,352,1.0,6,0,0.0,0,0.0,0,0.0,6,1.0
-86.1555,39.773,1722,0,0.0,0,0.0,0,0.0,1722,1.0,16,0,0.0,0,0.0,0,0.0,16,1.0
-86.1555,39.7735,1181,0,0.0,0,0.0,0,0.0,1181,1.0,15,0,0.0,0,0.0,0,0.0,15,1.0
-86.1555,39.774,5624,985,0.17514224751066856,109,0.01938122332859175,1094,0.1945234708392603,4530,0.8054765291607396,62,14,0.22580645161290322,1,0.016129032258064516,15,0.24193548387096775,47,0.7580645161290323
-86.1555,39.7745,2843,0,0.0,0,0.0,0,0.0,2843,1.0,23,0,0.0,0,0.0,0,0.0,23,1.0
-86.1555,39.775,10709,887,0.08282752824726865,44,0.004108693622186945,931,0.0869362218694556,9778,0.9130637781305444,65,9,0.13846153846153847,1,0.015384615384615385,10,0.15384615384615385,55,0.8461538461538461
-86.1555,39.7755,8005,10,0.0012492192379762648,54,0.00674578388507183,64,0.007995003123048095,7941,0.9920049968769519,34,1,0.029411764705882353,1,0.029411764705882353,2,0.058823529411764705,32,0.9411764705882353
-86.1555,39.776,3806,0,0.0,50,0.013137151865475564,50,0.013137151865475564,3756,0.9868628481345244,38,0,0.0,1,0.02631578947368421,1,0.02631578947368421,37,0.9736842105263158
-86.1555,39.7765,2822,0,0.0,49,0.017363571934798015,49,0.017363571934798015,2773,0.982636428065202,30,0,0.0,1,0.03333333333333333,1,0.03333333333333333,29,0.9666666666666667
-86.1555,39.777,1849,0,0.0,51,0.027582477014602487,51,0.027582477014602487,1798,0.9724175229853975,32,0,0.0,1,0.03125,1,0.03125,31,0.96875
-86.1555,39.7775,7991,0,0.0,228,0.028532098610937303,228,0.028532098610937303,7763,0.9714679013890627,101,0,0.0,4,0.039603960396039604,4,0.039603960396039604,97,0.9603960396039604
-86.155,39.7655,1471,0,0.0,993,0.6750509857239972,993,0.6750509857239972,478,0.3249490142760027,17,0,0.0,14,0.8235294117647058,14,0.8235294117647058,3,0.17647058823529413
-86.155,39.7665,1267,588,0.46408839779005523,375,0.2959747434885556,963,0.7600631412786109,304,0.23993685872138912,25,7,0.28,11,0.44,18,0.72,7,0.28
-86.155,39.767,997,0,0.0,683,0.6850551654964895,683,0.6850551654964895,314,0.3149448345035105,22,0,0.0,16,0.7272727272727273,16,0.7272727272727273,6,0.2727272727272727
-86.155,39.7695,1697,288,0.16971125515615793,85,0.05008839127872716,373,0.2197996464348851,1324,0.7802003535651149,33,9,0.2727272727272727,2,0.06060606060606061,11,0.3333333333333333,22,0.6666666666666666
-86.155,39.771,4328,0,0.0,468,0.10813308687615526,468,0.10813308687615526,3860,0.8918669131238447,35,0,0.0,7,0.2,7,0.2,28,0.8
-86.155,39.7725,99,0,0.0,0,0.0,0,0.0,99,1.0,2,0,0.0,0,0.0,0,0.0,2,1.0
-86.155,39.7735,23,23,1.0,0,0.0,23,1.0,0,0.0,1,1,1.0,0,0.0,1,1.0,0,0.0
-86.155,39.774,991,316,0.31886982845610495,0,0.0,316,0.31886982845610495,675,0.6811301715438951,31,11,0.3548387096774194,0,0.0,11,0.3548387096774194,20,0.6451612903225806
-86.155,39.775,9455,577,0.06102591221575886,37,0.0039132734003172924,614,0.06493918561607614,8841,0.9350608143839239,52,7,0.1346153846153846,1,0.019230769230769232,8,0.15384615384615385,44,0.8461538461538461
-86.155,39.7755,55,0,0.0,0,0.0,0,0.0,55,1.0,2,0,0.0,0,0.0,0,0.0,2,1.0
-86.155,39.7765,37,0,0.0,0,0.0,0,0.0,37,1.0,3,0,0.0,0,0.0,0,0.0,3,1.0
-86.155,39.7775,2699,0,0.0,0,0.0,0,0.0,2699,1.0,56,0,0.0,0,0.0,0,0.0,56,1.0
-86.1545,39.7655,7036,0,0.0,4867,0.6917282546901649,4867,0.6917282546901649,2169,0.30827174530983514,53,0,0.0,33,0.6226415094339622,33,0.6226415094339622,20,0.37735849056603776
-86.1545,39.766,9715,32,0.0032938754503345343,7497,0.7716932578486876,7529,0.7749871332990221,2186,0.22501286670097786,69,1,0.014492753623188406,47,0.6811594202898551,48,0.6956521739130435,21,0.30434782608695654
-86.1545,39.7665,4026,340,0.08445106805762544,2561,0.6361152508693493,2901,0.7205663189269748,1125,0.27943368107302535,52,5,0.09615384615384616,30,0.5769230769230769,35,0.6730769230769231,17,0.3269230769230769
-86.1545,39.767,5838,17,0.0029119561493662215,4669,0.7997601918465228,4686,0.802672147995889,1152,0.197327852004111,41,1,0.024390243902439025,24,0.5853658536585366,25,0.6097560975609756,16,0.3902439024390244
-86.1545,39.7675,99,0,0.0,19,0.1919191919191919,19,0.1919191919191919,80,0.8080808080808081,8,0,0.0,3,0.375,3,0.375,5,0.625
-86.1545,39.7685,5,0,0.0,0,0.0,0,0.0,5,1.0,1,0,0.0,0,0.0,0,0.0,1,1.0
-86.1545,39.769,91,0,0.0,0,0.0,0,0.0,91,1.0,2,0,0.0,0,0.0,0,0.0,2,1.0
-86.1545,39.7695,6861,3016,0.43958606617111207,566,0.0824952630811835,3582,0.5220813292522956,3279,0.47791867074770444,74,25,0.33783783783783783,10,0.13513513513513514,35,0.47297297297297297,39,0.527027027027027
-86.1545,39.771,9123,0,0.0,399,0.043735613285103586,399,0.043735613285103586,8724,0.9562643867148964,56,0,0.0,5,0.08928571428571429,5,0.08928571428571429,51,0.9107142857142857
-86.1545,39.7725,1410,0,0.0,0,0.0,0,0.0,1410,1.0,5,0,0.0,0,0.0,0,0.0,5,1.0
-86.1545,39.7735,63,63,1.0,0,0.0,63,1.0,0,0.0,2,2,1.0,0,0.0,2,1.0,0,0.0
-86.1545,39.774,3834,369,0.09624413145539906,0,0.0,369,0.09624413145539906,3465,0.903755868544601,31,11,0.3548387096774194,0,0.0,11,0.3548387096774194,20,0.6451612903225806
-86.1545,39.7745,157,37,0.2356687898089172,0,0.0,37,0.2356687898089172,120,0.7643312101910829,2,1,0.5,0,0.0,1,0.5,1,0.5
-86.1545,39.775,5531,316,0.057132525763876334,40,0.0072319652865666245,356,0.06436449105044295,5175,0.935635508949557,67,9,0.13432835820895522,1,0.014925373134328358,10,0.14925373134328357,57,0.8507462686567164
-86.1545,39.7755,859,0,0.0,0,0.0,0,0.0,859,1.0,6,0,0.0,0,0.0,0,0.0,6,1.0
-86.1545,39.7765,39,0,0.0,0,0.0,0,0.0,39,1.0,1,0,0.0,0,0.0,0,0.0,1,1.0
-86.1545,39.7775,2281,0,0.0,0,0.0,0,0.0,2281,1.0,27,0,0.0,0,0.0,0,0.0,27,1.0
-86.154,39.7655,433,0,0.0,290,0.6697459584295612,290,0.6697459584295612,143,0.3302540415704388,7,0,0.0,5,0.7142857142857143,5,0.7142857142857143,2,0.2857142857142857
-86.154,39.7665,1417,505,0.35638673253352154,138,0.09738884968242767,643,0.4537755822159492,774,0.5462244177840508,18,6,0.3333333333333333,3,0.16666666666666666,9,0.5,9,0.5
-86.154,39.767,11984,3851,0.32134512683578104,1321,0.11023030707610147,5172,0.4315754339118825,6812,0.5684245660881175,61,14,0.22950819672131148,24,0.39344262295081966,38,0.6229508196721312,23,0.3770491803278688
-86.154,39.7675,2459,239,0.09719398129320862,868,0.3529890199267995,1107,0.4501830012200081,1352,0.5498169987799919,30,4,0.13333333333333333,13,0.43333333333333335,17,0.5666666666666667,13,0.43333333333333335
-86.154,39.768,2625,230,0.08761904761904762,761,0.2899047619047619,991,0.3775238095238095,1634,0.6224761904761905,37,4,0.10810810810810811,16,0.43243243243243246,20,0.5405405405405406,17,0.4594594594594595
-86.154,39.7685,3213,211,0.06567071272953626,1084,0.3373793962029256,1295,0.40305010893246185,1918,0.5969498910675382,32,4,0.125,11,0.34375,15,0.46875,17,0.53125
-86.154,39.769,4809,238,0.049490538573508006,1411,0.29340819297151177,1649,0.34289873154501976,3160,0.6571012684549803,62,7,0.11290322580645161,18,0.2903225806451613,25,0.4032258064516129,37,0.5967741935483871
-86.154,39.7695,10364,3837,0.3702238517946739,1206,0.11636433809340023,5043,0.4865881898880741,5321,0.5134118101119259,130,50,0.38461538461538464,20,0.15384615384615385,70,0.5384615384615384,60,0.46153846153846156
-86.154,39.77,2997,1411,0.47080413747080413,505,0.16850183516850184,1916,0.639305972639306,1081,0.360694027360694,51,23,0.45098039215686275,10,0.19607843137254902,33,0.6470588235294118,18,0.35294117647058826
-86.154,39.7705,3240,1555,0.4799382716049383,635,0.19598765432098766,2190,0.6759259259259259,1050,0.32407407407407407,55,23,0.41818181818181815,15,0.2727272727272727,38,0.6909090909090909,17,0.3090909090909091
-86.154,39.771,5946,1803,0.3032290615539859,583,0.09804910864446686,2386,0.40127817019845274,3560,0.5987218298015473,87,32,0.367816091954023,7,0.08045977011494253,39,0.4482758620689655,48,0.5517241379310345
-86.154,39.7715,2543,987,0.3881242626818718,333,0.13094769956744004,1320,0.5190719622493118,1223,0.48092803775068815,52,25,0.4807692307692308,5,0.09615384615384616,30,0.5769230769230769,22,0.4230769230769231
-86.154,39.772,4270,505,0.11826697892271663,308,0.07213114754098361,813,0.19039812646370025,3457,0.8096018735362998,65,15,0.23076923076923078,5,0.07692307692307693,20,0.3076923076923077,45,0.6923076923076923
-86.154,39.7725,3376,44,0.013033175355450236,216,0.06398104265402843,260,0.07701421800947866,3116,0.9229857819905213,45,1,0.022222222222222223,6,0.13333333333333333,7,0.15555555555555556,38,0.8444444444444444
-86.154,39.773,1927,0,0.0,206,0.10690192008303062,206,0.10690192008303062,1721,0.8930980799169694,36,0,0.0,4,0.1111111111111111,4,0.1111111111111111,32,0.8888888888888888
-86.154,39.7735,3659,310,0.08472260180377152,22,0.006012571740912818,332,0.09073517354468433,3327,0.9092648264553157,39,4,0.10256410256410256,2,0.05128205128205128,6,0.15384615384615385,33,0.8461538461538461
-86.154,39.774,3238,1276,0.39407041383570107,0,0.0,1276,0.39407041383570107,1962,0.6059295861642989,52,14,0.2692307692307692,0,0.0,14,0.2692307692307692,38,0.7307692307692307
-86.154,39.7745,1515,157,0.10363036303630363,0,0.0,157,0.10363036303630363,1358,0.8963696369636963,30,3,0.1,0,0.0,3,0.1,27,0.9
-86.154,39.775,5341,656,0.12282344130312675,41,0.007676465081445422,697,0.13049990638457218,4644,0.8695000936154278,57,7,0.12280701754385964,1,0.017543859649122806,8,0.14035087719298245,49,0.8596491228070176
-86.154,39.7755,1327,116,0.08741522230595328,54,0.04069329314242653,170,0.1281085154483798,1157,0.8718914845516202,24,3,0.125,1,0.041666666666666664,4,0.16666666666666666,20,0.8333333333333334
-86.154,39.776,1228,191,0.15553745928338764,51,0.041530944625407164,242,0.1970684039087948,986,0.8029315960912052,19,3,0.15789473684210525,3,0.15789473684210525,6,0.3157894736842105,13,0.6842105263157895
-86.154,39.7765,4490,245,0.05456570155902005,56,0.012472160356347439,301,0.06703786191536748,4189,0.9329621380846325,45,4,0.08888888888888889,1,0.022222222222222223,5,0.1111111111111111,40,0.8888888888888888
-86.154,39.777,734,46,0.06267029972752043,0,0.0,46,0.06267029972752043,688,0.9373297002724795,15,1,0.06666666666666667,0,0.0,1,0.06666666666666667,14,0.9333333333333333
-86.154,39.7775,2140,51,0.02383177570093458,0,0.0,51,0.02383177570093458,2089,0.9761682242990655,41,2,0.04878048780487805,0,0.0,2,0.04878048780487805,39,0.9512195121951219
-86.1535,39.7655,440,0,0.0,261,0.5931818181818181,261,0.5931818181818181,179,0.4068181818181818,7,0,0.0,5,0.7142857142857143,5,0.7142857142857143,2,0.2857142857142857
-86.1535,39.7665,9638,5799,0.6016808466486823,1702,0.17659265407760946,7501,0.7782735007262918,2137,0.22172649927370824,35,12,0.34285714285714286,5,0.14285714285714285,17,0.4857142857142857,18,0.5142857142857142
-86.1535,39.767,1925,230,0.11948051948051948,629,0.32675324675324674,859,0.4462337662337662,1066,0.5537662337662338,32,8,0.25,8,0.25,16,0.5,16,0.5
-86.1535,39.7695,2427,2162,0.8908117016893284,101,0.04161516275236918,2263,0.9324268644416976,164,0.06757313555830242,24,20,0.8333333333333334,2,0.08333333333333333,22,0.9166666666666666,2,0.08333333333333333
-86.1535,39.771,1510,156,0.10331125827814569,121,0.08013245033112583,277,0.1834437086092715,1233,0.8165562913907285,35,4,0.11428571428571428,2,0.05714285714285714,6,0.17142857142857143,29,0.8285714285714286
-86.1535,39.7725,498,45,0.09036144578313253,43,0.08634538152610442,88,0.17670682730923695,410,0.8232931726907631,19,1,0.05263157894736842,2,0.10526315789473684,3,0.15789473684210525,16,0.8421052631578947
-86.1535,39.7735,604,179,0.29635761589403975,0,0.0,179,0.29635761589403975,425,0.7036423841059603,10,5,0.5,0,0.0,5,0.5,5,0.5
-86.1535,39.774,1619,827,0.5108091414453366,0,0.0,827,0.5108091414453366,792,0.4891908585546634,24,13,0.5416666666666666,0,0.0,13,0.5416666666666666,11,0.4583333333333333
-86.1535,39.775,2509,251,0.10003985651654046,0,0.0,251,0.10003985651654046,2258,0.8999601434834595,25,3,0.12,0,0.0,3,0.12,22,0.88
-86.1535,39.777,106,16,0.1509433962264151,0,0.0,16,0.1509433962264151,90,0.8490566037735849,4,1,0.25,0,0.0,1,0.25,3,0.75
-86.1535,39.7775,8070,618,0.07657992565055761,0,0.0,618,0.07657992565055761,7452,0.9234200743494424,60,5,0.08333333333333333,0,0.0,5,0.08333333333333333,55,0.9166666666666666
-86.153,39.7655,430,0,0.0,266,0.6186046511627907,266,0.6186046511627907,164,0.3813953488372093,7,0,0.0,5,0.7142857142857143,5,0.7142857142857143,2,0.2857142857142857
-86.153,39.7665,6940,4515,0.6505763688760807,641,0.09236311239193083,5156,0.7429394812680116,1784,0.2570605187319885,46,17,0.3695652173913043,5,0.10869565217391304,22,0.4782608695652174,24,0.5217391304347826
-86.153,39.767,1645,367,0.2231003039513678,138,0.08389057750759879,505,0.3069908814589666,1140,0.6930091185410334,27,6,0.2222222222222222,2,0.07407407407407407,8,0.2962962962962963,19,0.7037037037037037
-86.153,39.7695,1085,816,0.752073732718894,101,0.09308755760368663,917,0.8451612903225806,168,0.15483870967741936,25,19,0.76,2,0.08,21,0.84,4,0.16
-86.153,39.771,1543,16,0.010369410239792612,105,0.06804925469863901,121,0.07841866493843162,1422,0.9215813350615684,34,2,0.058823529411764705,2,0.058823529411764705,4,0.11764705882352941,30,0.8823529411764706
-86.153,39.7725,645,0,0.0,39,0.06046511627906977,39,0.06046511627906977,606,0.9395348837209302,9,0,0.0,1,0.1111111111111111,1,0.1111111111111111,8,0.8888888888888888
-86.153,39.7735,347,73,0.21037463976945245,0,0.0,73,0.21037463976945245,274,0.7896253602305475,10,3,0.3,0,0.0,3,0.3,7,0.7
-86.153,39.774,844,435,0.5154028436018957,0,0.0,435,0.5154028436018957,409,0.48459715639810425,27,13,0.48148148148148145,0,0.0,13,0.48148148148148145,14,0.5185185185185185
-86.153,39.775,4245,1084,0.25535924617196704,0,0.0,1084,0.25535924617196704,3161,0.744640753828033,35,5,0.14285714285714285,0,0.0,5,0.14285714285714285,30,0.8571428571428571
-86.153,39.7775,1988,160,0.08048289738430583,0,0.0,160,0.08048289738430583,1828,0.9195171026156942,29,6,0.20689655172413793,0,0.0,6,0.20689655172413793,23,0.7931034482758621
-86.1525,39.7655,10291,1627,0.15809931007676611,2571,0.24982994849868817,4198,0.40792925857545426,6093,0.5920707414245457,56,16,0.2857142857142857,15,0.26785714285714285,31,0.5535714285714286,25,0.44642857142857145
-86.1525,39.766,1640,660,0.4024390243902439,422,0.2573170731707317,1082,0.6597560975609756,558,0.3402439024390244,26,13,0.5,4,0.15384615384615385,17,0.6538461538461539,9,0.34615384615384615
-86.1525,39.7665,9108,1605,0.17621870882740448,2524,0.277119016249451,4129,0.4533377250768555,4979,0.5466622749231445,97,23,0.23711340206185566,16,0.16494845360824742,39,0.4020618556701031,58,0.5979381443298969
-86.1525,39.767,9862,962,0.09754613668627053,1014,0.10281890083147435,1976,0.20036503751774487,7886,0.7996349624822551,90,13,0.14444444444444443,8,0.08888888888888889,21,0.23333333333333334,69,0.7666666666666667
-86.1525,39.7675,3390,470,0.13864306784660768,448,0.13215339233038348,918,0.27079646017699116,2472,0.7292035398230089,93,11,0.11827956989247312,10,0.10752688172043011,21,0.22580645161290322,72,0.7741935483870968
-86.1525,39.768,4280,1110,0.25934579439252337,702,0.16401869158878504,1812,0.4233644859813084,2468,0.5766355140186916,108,22,0.2037037037037037,12,0.1111111111111111,34,0.3148148148148148,74,0.6851851851851852
-86.1525,39.7685,6271,2516,0.40121192792218147,522,0.08324031254983257,3038,0.484452240472014,3233,0.5155477595279859,81,30,0.37037037037037035,2,0.024691358024691357,32,0.3950617283950617,49,0.6049382716049383
-86.1525,39.769,2927,833,0.284591732148958,217,0.07413734198838401,1050,0.358729074137342,1877,0.641270925862658,59,18,0.3050847457627119,3,0.05084745762711865,21,0.3559322033898305,38,0.6440677966101694
-86.1525,39.7695,15715,5604,0.3566019726376074,461,0.029335030225898822,6065,0.38593700286350624,9650,0.6140629971364938,279,119,0.4265232974910394,5,0.017921146953405017,124,0.4444444444444444,155,0.5555555555555556
-86.1525,39.77,8893,760,0.08546047453052963,372,0.04183065332283819,1132,0.12729112785336782,7761,0.8727088721466322,101,9,0.0891089108910891,7,0.06930693069306931,16,0.15841584158415842,85,0.8415841584158416
-86.1525,39.7705,3791,0,0.0,154,0.040622527037720915,154,0.040622527037720915,3637,0.959377472962279,84,0,0.0,1,0.011904761904761904,1,0.011904761904761904,83,0.9880952380952381
-86.1525,39.771,11400,0,0.0,484,0.04245614035087719,484,0.04245614035087719,10916,0.9575438596491228,150,0,0.0,6,0.04,6,0.04,144,0.96
-86.1525,39.7715,1919,0,0.0,47,0.024491922876498175,47,0.024491922876498175,1872,0.9755080771235018,51,0,0.0,1,0.0196078431372549,1,0.0196078431372549,50,0.9803921568627451
-86.1525,39.772,805,0,0.0,36,0.04472049689440994,36,0.04472049689440994,769,0.9552795031055901,28,0,0.0,1,0.03571428571428571,1,0.03571428571428571,27,0.9642857142857143
-86.1525,39.7725,4602,87,0.018904823989569754,118,0.02564102564102564,205,0.044545849630595394,4397,0.9554541503694046,37,1,0.02702702702702703,2,0.05405405405405406,3,0.08108108108108109,34,0.918918918918919
-86.1525,39.773,165,46,0.2787878787878788,19,0.11515151515151516,65,0.393939393939394,100,0.6060606060606061,8,2,0.25,1,0.125,3,0.375,5,0.625
-86.1525,39.7735,4489,213,0.047449320561372244,0,0.0,213,0.047449320561372244,4276,0.9525506794386278,27,6,0.2222222222222222,0,0.0,6,0.2222222222222222,21,0.7777777777777778
-86.1525,39.774,603,304,0.5041459369817579,0,0.0,304,0.5041459369817579,299,0.49585406301824214,24,11,0.4583333333333333,0,0.0,11,0.4583333333333333,13,0.5416666666666666
-86.1525,39.775,3090,528,0.170873786407767,0,0.0,528,0.170873786407767,2562,0.829126213592233,34,8,0.23529411764705882,0,0.0,8,0.23529411764705882,26,0.7647058823529411
-86.1525,39.7775,1666,284,0.17046818727490998,0,0.0,284,0.17046818727490998,1382,0.82953181272509,26,4,0.15384615384615385,0,0.0,4,0.15384615384615385,22,0.8461538461538461
-86.152,39.7655,1336,385,0.28817365269461076,429,0.32110778443113774,814,0.6092814371257484,522,0.3907185628742515,23,5,0.21739130434782608,12,0.5217391304347826,17,0.7391304347826086,6,0.2608695652173913
-86.152,39.766,216,83,0.38425925925925924,53,0.24537037037037038,136,0.6296296296296297,80,0.37037037037037035,19,6,0.3157894736842105,8,0.42105263157894735,14,0.7368421052631579,5,0.2631578947368421
-86.152,39.7665,2337,41,0.017543859649122806,294,0.1258023106546855,335,0.1433461703038083,2002,0.8566538296961917,14,1,0.07142857142857142,2,0.14285714285714285,3,0.21428571428571427,11,0.7857142857142857
-86.152,39.767,694,62,0.0893371757925072,101,0.14553314121037464,163,0.23487031700288186,531,0.7651296829971181,11,1,0.09090909090909091,2,0.18181818181818182,3,0.2727272727272727,8,0.7272727272727273
-86.152,39.768,785,200,0.25477707006369427,389,0.49554140127388535,589,0.7503184713375797,196,0.24968152866242038,6,2,0.3333333333333333,2,0.3333333333333333,4,0.6666666666666666,2,0.3333333333333333
-86.152,39.7695,7246,5648,0.7794645321556721,37,0.005106265525807342,5685,0.7845707976814795,1561,0.21542920231852056,60,34,0.5666666666666667,1,0.016666666666666666,35,0.5833333333333334,25,0.4166666666666667
-86.152,39.77,27,27,1.0,0,0.0,27,1.0,0,0.0,1,1,1.0,0,0.0,1,1.0,0,0.0
-86.152,39.7705,18,0,0.0,0,0.0,0,0.0,18,1.0,1,0,0.0,0,0.0,0,0.0,1,1.0
-86.152,39.771,7010,0,0.0,2348,0.3349500713266762,2348,0.3349500713266762,4662,0.6650499286733238,75,0,0.0,17,0.22666666666666666,17,0.22666666666666666,58,0.7733333333333333
-86.152,39.7715,2706,0,0.0,791,0.2923133776792313,791,0.2923133776792313,1915,0.7076866223207686,68,0,0.0,8,0.11764705882352941,8,0.11764705882352941,60,0.8823529411764706
-86.152,39.772,3675,0,0.0,818,0.22258503401360544,818,0.22258503401360544,2857,0.7774149659863946,85,0,0.0,14,0.16470588235294117,14,0.16470588235294117,71,0.8352941176470589
-86.152,39.7725,12898,317,0.02457745386881687,3190,0.24732516669251048,3507,0.27190262056132736,9391,0.7280973794386727,144,9,0.0625,40,0.2777777777777778,49,0.3402777777777778,95,0.6597222222222222
-86.152,39.773,3783,523,0.13825006608511764,1045,0.27623579169970924,1568,0.4144858577848269,2215,0.5855141422151732,66,11,0.16666666666666666,14,0.21212121212121213,25,0.3787878787878788,41,0.6212121212121212
-86.152,39.7735,16586,4213,0.25400940552273,6770,0.4081755697576269,10983,0.6621849752803569,5603,0.3378150247196431,102,23,0.22549019607843138,24,0.23529411764705882,47,0.46078431372549017,55,0.5392156862745098
-86.152,39.774,13859,2108,0.1521033263583231,0,0.0,2108,0.1521033263583231,11751,0.8478966736416769,89,18,0.20224719101123595,0,0.0,18,0.20224719101123595,71,0.797752808988764
-86.152,39.7745,3047,1421,0.466360354446997,0,0.0,1421,0.466360354446997,1626,0.5336396455530029,46,15,0.32608695652173914,0,0.0,15,0.32608695652173914,31,0.6739130434782609
-86.152,39.775,7259,1271,0.17509298801487808,0,0.0,1271,0.17509298801487808,5988,0.824907011985122,103,26,0.2524271844660194,0,0.0,26,0.2524271844660194,77,0.7475728155339806
-86.152,39.7755,6457,2819,0.43658045531980794,0,0.0,2819,0.43658045531980794,3638,0.5634195446801921,63,36,0.5714285714285714,0,0.0,36,0.5714285714285714,27,0.42857142857142855
-86.152,39.776,1453,603,0.4150034411562285,0,0.0,603,0.4150034411562285,850,0.5849965588437716,18,6,0.3333333333333333,0,0.0,6,0.3333333333333333,12,0.6666666666666666
-86.152,39.7765,1368,568,0.4152046783625731,0,0.0,568,0.4152046783625731,800,0.5847953216374269,21,6,0.2857142857142857,0,0.0,6,0.2857142857142857,15,0.7142857142857143
-86.152,39.777,1525,668,0.4380327868852459,0,0.0,668,0.4380327868852459,857,0.5619672131147541,20,6,0.3,0,0.0,6,0.3,14,0.7
-86.152,39.7775,8818,3521,0.3992968927194375,0,0.0,3521,0.3992968927194375,5297,0.6007031072805625,43,10,0.23255813953488372,0,0.0,10,0.23255813953488372,33,0.7674418604651163
-86.1515,39.7655,4,0,0.0,0,0.0,0,0.0,4,1.0,1,0,0.0,0,0.0,0,0.0,1,1.0
-86.1515,39.766,1317,291,0.22095671981776766,467,0.3545937737281701,758,0.5755504935459377,559,0.42444950645406226,29,6,0.20689655172413793,13,0.4482758620689655,19,0.6551724137931034,10,0.3448275862068966
-86.1515,39.7665,2968,251,0.08456873315363882,1833,0.6175876010781671,2084,0.7021563342318059,884,0.29784366576819404,39,8,0.20512820512820512,8,0.20512820512820512,16,0.41025641025641024,23,0.5897435897435898
-86.1515,39.767,207,51,0.2463768115942029,27,0.13043478260869565,78,0.37681159420289856,129,0.6231884057971014,8,1,0.125,2,0.25,3,0.375,5,0.625
-86.1515,39.768,281,54,0.19217081850533807,140,0.498220640569395,194,0.6903914590747331,87,0.3096085409252669,5,1,0.2,3,0.6,4,0.8,1,0.2
-86.1515,39.7695,3664,3010,0.8215065502183406,38,0.01037117903930131,3048,0.8318777292576419,616,0.16812227074235808,54,32,0.5925925925925926,1,0.018518518518518517,33,0.6111111111111112,21,0.3888888888888889
-86.1515,39.771,2032,0,0.0,621,0.30561023622047245,621,0.30561023622047245,1411,0.6943897637795275,52,0,0.0,13,0.25,13,0.25,39,0.75
-86.1515,39.7725,83,0,0.0,0,0.0,0,0.0,83,1.0,1,0,0.0,0,0.0,0,0.0,1,1.0
-86.1515,39.7735,3979,770,0.19351595878361397,2046,0.5141995476250314,2816,0.7077155064086453,1163,0.2922844935913546,61,11,0.18032786885245902,22,0.36065573770491804,33,0.5409836065573771,28,0.45901639344262296
-86.1515,39.774,288,42,0.14583333333333334,0,0.0,42,0.14583333333333334,246,0.8541666666666666,6,2,0.3333333333333333,0,0.0,2,0.3333333333333333,4,0.6666666666666666
-86.1515,39.775,2131,273,0.12810886907555138,0,0.0,273,0.12810886907555138,1858,0.8718911309244486,43,9,0.20930232558139536,0,0.0,9,0.20930232558139536,34,0.7906976744186046
-86.1515,39.7775,8540,3292,0.38548009367681496,0,0.0,3292,0.38548009367681496,5248,0.614519906323185,63,24,0.38095238095238093,0,0.0,24,0.38095238095238093,39,0.6190476190476191
-86.151,39.766,26,0,0.0,6,0.23076923076923078,6,0.23076923076923078,20,0.7692307692307693,5,0,0.0,2,0.4,2,0.4,3,0.6
-86.151,39.7665,10566,576,0.054514480408858604,1836,0.1737649063032368,2412,0.2282793867120954,8154,0.7717206132879046,85,14,0.16470588235294117,21,0.24705882352941178,35,0.4117647058823529,50,0.5882352941176471
-86.151,39.767,132,39,0.29545454545454547,0,0.0,39,0.29545454545454547,93,0.7045454545454546,4,1,0.25,0,0.0,1,0.25,3,0.75
-86.151,39.768,332,59,0.17771084337349397,166,0.5,225,0.677710843373494,107,0.32228915662650603,8,1,0.125,5,0.625,6,0.75,2,0.25
-86.151,39.7695,5752,4283,0.7446105702364395,54,0.009388038942976356,4337,0.7539986091794159,1415,0.24600139082058414,144,80,0.5555555555555556,4,0.027777777777777776,84,0.5833333333333334,60,0.4166666666666667
-86.151,39.771,2666,0,0.0,664,0.2490622655663916,664,0.2490622655663916,2002,0.7509377344336085,58,0,0.0,15,0.25862068965517243,15,0.25862068965517243,43,0.7413793103448276
-86.151,39.7725,81,0,0.0,0,0.0,0,0.0,81,1.0,1,0,0.0,0,0.0,0,0.0,1,1.0
-86.151,39.7735,4402,1246,0.28305315765561107,732,0.16628805088596094,1978,0.449341208541572,2424,0.550658791458428,64,13,0.203125,28,0.4375,41,0.640625,23,0.359375
-86.151,39.7745,33,33,1.0,0,0.0,33,1.0,0,0.0,1,1,1.0,0,0.0,1,1.0,0,0.0
-86.151,39.775,2024,473,0.23369565217391305,0,0.0,473,0.23369565217391305,1551,0.7663043478260869,47,15,0.3191489361702128,0,0.0,15,0.3191489361702128,32,0.6808510638297872
-86.151,39.7775,1805,0,0.0,0,0.0,0,0.0,1805,1.0,30,0,0.0,0,0.0,0,0.0,30,1.0
-86.1505,39.7665,6076,655,0.10780118499012509,600,0.09874917709019092,1255,0.20655036208031602,4821,0.793449637919684,97,6,0.061855670103092786,19,0.1958762886597938,25,0.25773195876288657,72,0.7422680412371134
-86.1505,39.767,3012,76,0.025232403718459494,503,0.16699867197875165,579,0.19223107569721115,2433,0.8077689243027888,45,3,0.06666666666666667,8,0.17777777777777778,11,0.24444444444444444,34,0.7555555555555555
-86.1505,39.7675,1933,0,0.0,419,0.21676151060527676,419,0.21676151060527676,1514,0.7832384893947232,31,0,0.0,7,0.22580645161290322,7,0.22580645161290322,24,0.7741935483870968
-86.1505,39.768,4499,389,0.08646365859079795,1067,0.2371638141809291,1456,0.32362747277172704,3043,0.6763725272282729,56,4,0.07142857142857142,11,0.19642857142857142,15,0.26785714285714285,41,0.7321428571428571
-86.1505,39.7685,4158,1215,0.2922077922077922,417,0.10028860028860029,1632,0.39249639249639245,2526,0.6075036075036075,45,6,0.13333333333333333,11,0.24444444444444444,17,0.37777777777777777,28,0.6222222222222222
-86.1505,39.769,6176,2643,0.42794689119170987,698,0.1130181347150259,3341,0.5409650259067358,2835,0.45903497409326427,61,12,0.19672131147540983,20,0.32786885245901637,32,0.5245901639344263,29,0.47540983606557374
-86.1505,39.7695,16738,7106,0.4245429561476879,2931,0.17511052694467677,10037,0.5996534830923647,6701,0.40034651690763534,192,80,0.4166666666666667,18,0.09375,98,0.5104166666666666,94,0.4895833333333333
-86.1505,39.77,3964,2433,0.613773965691221,265,0.06685166498486378,2698,0.6806256306760847,1266,0.3193743693239152,67,33,0.4925373134328358,4,0.05970149253731343,37,0.5522388059701493,30,0.44776119402985076
-86.1505,39.7705,5302,2684,0.5062240663900415,391,0.07374575631837042,3075,0.5799698227084119,2227,0.4200301772915881,62,23,0.3709677419354839,4,0.06451612903225806,27,0.43548387096774194,35,0.5645161290322581
-86.1505,39.771,19813,3262,0.16463937818603946,5972,0.30141826073789935,9234,0.4660576389239388,10579,0.5339423610760612,254,38,0.14960629921259844,65,0.2559055118110236,103,0.40551181102362205,151,0.594488188976378
-86.1505,39.7715,8755,2487,0.28406624785836665,1410,0.16105082809822957,3897,0.4451170759565962,4858,0.5548829240434038,116,37,0.31896551724137934,20,0.1724137931034483,57,0.49137931034482757,59,0.5086206896551724
-86.1505,39.772,9584,2349,0.24509599332220366,1211,0.12635642737896494,3560,0.3714524207011686,6024,0.6285475792988314,133,39,0.2932330827067669,15,0.11278195488721804,54,0.40601503759398494,79,0.5939849624060151
-86.1505,39.7725,6516,1104,0.1694290976058932,634,0.09729895641497852,1738,0.26672805402087174,4778,0.7332719459791283,136,39,0.2867647058823529,10,0.07352941176470588,49,0.3602941176470588,87,0.6397058823529411
-86.1505,39.773,10246,1093,0.10667577591255124,957,0.09340230333788796,2050,0.2000780792504392,8196,0.7999219207495608,152,23,0.1513157894736842,26,0.17105263157894737,49,0.3223684210526316,103,0.6776315789473685
-86.1505,39.7735,25661,5829,0.22715404699738903,4206,0.1639063169790733,10035,0.3910603639764623,15626,0.6089396360235376,251,49,0.1952191235059761,33,0.13147410358565736,82,0.32669322709163345,169,0.6733067729083665
-86.1505,39.774,4043,1253,0.3099183774424932,18,0.004452139500371012,1271,0.31437051694286416,2772,0.6856294830571358,54,18,0.3333333333333333,1,0.018518518518518517,19,0.35185185185185186,35,0.6481481481481481
-86.1505,39.7745,3025,1226,0.4052892561983471,0,0.0,1226,0.4052892561983471,1799,0.5947107438016529,52,25,0.4807692307692308,0,0.0,25,0.4807692307692308,27,0.5192307692307693
-86.1505,39.775,10023,2223,0.22178988326848248,0,0.0,2223,0.22178988326848248,7800,0.7782101167315175,120,28,0.23333333333333334,0,0.0,28,0.23333333333333334,92,0.7666666666666667
-86.1505,39.7755,1534,420,0.2737940026075619,0,0.0,420,0.2737940026075619,1114,0.7262059973924381,45,11,0.24444444444444444,0,0.0,11,0.24444444444444444,34,0.7555555555555555
-86.1505,39.776,578,39,0.06747404844290658,0,0.0,39,0.06747404844290658,539,0.9325259515570934,17,3,0.17647058823529413,0,0.0,3,0.17647058823529413,14,0.8235294117647058
-86.1505,39.7765,121,0,0.0,0,0.0,0,0.0,121,1.0,2,0,0.0,0,0.0,0,0.0,2,1.0
-86.1505,39.7775,2089,0,0.0,0,0.0,0,0.0,2089,1.0,33,0,0.0,0,0.0,0,0.0,33,1.0
-86.15,39.7665,2862,0,0.0,1047,0.3658280922431866,1047,0.3658280922431866,1815,0.6341719077568134,45,0,0.0,9,0.2,9,0.2,36,0.8
-86.15,39.767,8,0,0.0,1,0.125,1,0.125,7,0.875,3,0,0.0,1,0.3333333333333333,1,0.3333333333333333,2,0.6666666666666666
-86.15,39.768,150,0,0.0,0,0.0,0,0.0,150,1.0,2,0,0.0,0,0.0,0,0.0,2,1.0
-86.15,39.7695,1017,297,0.2920353982300885,0,0.0,297,0.2920353982300885,720,0.7079646017699115,21,7,0.3333333333333333,0,0.0,7,0.3333333333333333,14,0.6666666666666666
-86.15,39.771,585,14,0.023931623931623933,0,0.0,14,0.023931623931623933,571,0.976068376068376,25,1,0.04,0,0.0,1,0.04,24,0.96
-86.15,39.772,38,0,0.0,0,0.0,0,0.0,38,1.0,1,0,0.0,0,0.0,0,0.0,1,1.0
-86.15,39.7725,71,17,0.23943661971830985,0,0.0,17,0.23943661971830985,54,0.7605633802816901,2,1,0.5,0,0.0,1,0.5,1,0.5
-86.15,39.773,53,53,1.0,0,0.0,53,1.0,0,0.0,1,1,1.0,0,0.0,1,1.0,0,0.0
-86.15,39.7735,1652,703,0.425544794188862,0,0.0,703,0.425544794188862,949,0.5744552058111381,26,12,0.46153846153846156,0,0.0,12,0.46153846153846156,14,0.5384615384615384
-86.15,39.774,57,57,1.0,0,0.0,57,1.0,0,0.0,1,1,1.0,0,0.0,1,1.0,0,0.0
-86.15,39.7745,385,114,0.2961038961038961,0,0.0,114,0.2961038961038961,271,0.7038961038961039,8,2,0.25,0,0.0,2,0.25,6,0.75
-86.15,39.775,3807,891,0.23404255319148937,0,0.0,891,0.23404255319148937,2916,0.7659574468085106,43,15,0.3488372093023256,0,0.0,15,0.3488372093023256,28,0.6511627906976745
-86.15,39.7755,1131,250,0.22104332449160036,0,0.0,250,0.22104332449160036,881,0.7789566755083996,33,5,0.15151515151515152,0,0.0,5,0.15151515151515152,28,0.8484848484848485
-86.15,39.776,3733,180,0.04821859094562014,0,0.0,180,0.04821859094562014,3553,0.9517814090543798,65,6,0.09230769230769231,0,0.0,6,0.09230769230769231,59,0.9076923076923077
-86.15,39.7765,3182,0,0.0,3,0.0009428032683846638,3,0.0009428032683846638,3179,0.9990571967316153,65,0,0.0,1,0.015384615384615385,1,0.015384615384615385,64,0.9846153846153847
-86.15,39.777,2688,0,0.0,39,0.014508928571428572,39,0.014508928571428572,2649,0.9854910714285714,82,0,0.0,2,0.024390243902439025,2,0.024390243902439025,80,0.975609756097561
-86.15,39.7775,5967,0,0.0,0,0.0,0,0.0,5967,1.0,71,0,0.0,0,0.0,0,0.0,71,1.0
-86.1495,39.7655,14,0,0.0,14,1.0,14,1.0,0,0.0,1,0,0.0,1,1.0,1,1.0,0,0.0
-86.1495,39.7665,2001,0,0.0,428,0.21389305347326337,428,0.21389305347326337,1573,0.7861069465267366,53,0,0.0,10,0.18867924528301888,10,0.18867924528301888,43,0.8113207547169812
-86.1495,39.768,112,0,0.0,0,0.0,0,0.0,112,1.0,3,0,0.0,0,0.0,0,0.0,3,1.0
-86.1495,39.7695,799,307,0.38423028785982477,0,0.0,307,0.38423028785982477,492,0.6157697121401752,19,7,0.3684210526315789,0,0.0,7,0.3684210526315789,12,0.631578947368421
-86.1495,39.771,601,8,0.013311148086522463,0,0.0,8,0.013311148086522463,593,0.9866888519134775,30,1,0.03333333333333333,0,0.0,1,0.03333333333333333,29,0.9666666666666667
-86.1495,39.772,52,0,0.0,0,0.0,0,0.0,52,1.0,1,0,0.0,0,0.0,0,0.0,1,1.0
-86.1495,39.7725,42,0,0.0,0,0.0,0,0.0,42,1.0,1,0,0.0,0,0.0,0,0.0,1,1.0
-86.1495,39.7735,923,657,0.7118093174431203,0,0.0,657,0.7118093174431203,266,0.28819068255687974,15,8,0.5333333333333333,0,0.0,8,0.5333333333333333,7,0.4666666666666667
-86.1495,39.775,870,97,0.11149425287356322,0,0.0,97,0.11149425287356322,773,0.8885057471264368,21,6,0.2857142857142857,0,0.0,6,0.2857142857142857,15,0.7142857142857143
-86.1495,39.7775,1056,36,0.03409090909090909,0,0.0,36,0.03409090909090909,1020,0.9659090909090909,24,1,0.041666666666666664,0,0.0,1,0.041666666666666664,23,0.9583333333333334
-86.149,39.7655,525,0,0.0,316,0.6019047619047619,316,0.6019047619047619,209,0.3980952380952381,10,0,0.0,5,0.5,5,0.5,5,0.5
-86.149,39.766,1138,0,0.0,433,0.3804920913884007,433,0.3804920913884007,705,0.6195079086115993,24,0,0.0,5,0.20833333333333334,5,0.20833333333333334,19,0.7916666666666666
-86.149,39.7665,4994,0,0.0,2193,0.43912695234281135,2193,0.43912695234281135,2801,0.5608730476571886,84,0,0.0,13,0.15476190476190477,13,0.15476190476190477,71,0.8452380952380952
-86.149,39.767,2638,0,0.0,0,0.0,0,0.0,2638,1.0,56,0,0.0,0,0.0,0,0.0,56,1.0
-86.149,39.7675,1681,25,0.0148720999405116,0,0.0,25,0.0148720999405116,1656,0.9851279000594884,42,1,0.023809523809523808,0,0.0,1,0.023809523809523808,41,0.9761904761904762
-86.149,39.768,5838,74,0.012675573826652964,0,0.0,74,0.012675573826652964,5764,0.987324426173347,60,3,0.05,0,0.0,3,0.05,57,0.95
-86.149,39.7685,3425,114,0.03328467153284671,0,0.0,114,0.03328467153284671,3311,0.9667153284671532,39,5,0.1282051282051282,0,0.0,5,0.1282051282051282,34,0.8717948717948718
-86.149,39.769,792,123,0.1553030303030303,0,0.0,123,0.1553030303030303,669,0.8446969696969697,15,2,0.13333333333333333,0,0.0,2,0.13333333333333333,13,0.8666666666666667
-86.149,39.7695,4214,819,0.19435215946843853,0,0.0,819,0.19435215946843853,3395,0.8056478405315615,50,11,0.22,0,0.0,11,0.22,39,0.78
-86.149,39.771,626,0,0.0,0,0.0,0,0.0,626,1.0,25,0,0.0,0,0.0,0,0.0,25,1.0
-86.149,39.772,146,0,0.0,0,0.0,0,0.0,146,1.0,1,0,0.0,0,0.0,0,0.0,1,1.0
-86.149,39.7735,756,547,0.7235449735449735,0,0.0,547,0.7235449735449735,209,0.27645502645502645,13,8,0.6153846153846154,0,0.0,8,0.6153846153846154,5,0.38461538461538464
-86.149,39.775,12497,0,0.0,0,0.0,0,0.0,12497,1.0,79,0,0.0,0,0.0,0,0.0,79,1.0
-86.149,39.7775,2623,41,0.015630956919557758,0,0.0,41,0.015630956919557758,2582,0.9843690430804423,20,1,0.05,0,0.0,1,0.05,19,0.95
-86.1485,39.766,17,0,0.0,0,0.0,0,0.0,17,1.0,1,0,0.0,0,0.0,0,0.0,1,1.0
-86.1485,39.7665,3518,0,0.0,1520,0.4320636725412166,1520,0.4320636725412166,1998,0.5679363274587834,15,0,0.0,6,0.4,6,0.4,9,0.6
-86.1485,39.768,1262,0,0.0,0,0.0,0,0.0,1262,1.0,25,0,0.0,0,0.0,0,0.0,25,1.0
-86.1485,39.7685,940,126,0.13404255319148936,0,0.0,126,0.13404255319148936,814,0.8659574468085106,30,5,0.16666666666666666,0,0.0,5,0.16666666666666666,25,0.8333333333333334
-86.1485,39.769,1846,256,0.13867822318526543,0,0.0,256,0.13867822318526543,1590,0.8613217768147345,36,5,0.1388888888888889,0,0.0,5,0.1388888888888889,31,0.8611111111111112
-86.1485,39.7695,9469,1519,0.160418206780019,0,0.0,1519,0.160418206780019,7950,0.8395817932199809,82,13,0.15853658536585366,0,0.0,13,0.15853658536585366,69,0.8414634146341463
-86.1485,39.77,3753,1486,0.39594990674127367,0,0.0,1486,0.39594990674127367,2267,0.6040500932587264,64,21,0.328125,0,0.0,21,0.328125,43,0.671875
-86.1485,39.7705,2268,483,0.21296296296296297,0,0.0,483,0.21296296296296297,1785,0.7870370370370371,34,15,0.4411764705882353,0,0.0,15,0.4411764705882353,19,0.5588235294117647
-86.1485,39.771,6335,778,0.12280978689818468,0,0.0,778,0.12280978689818468,5557,0.8771902131018153,70,17,0.24285714285714285,0,0.0,17,0.24285714285714285,53,0.7571428571428571
-86.1485,39.7715,3354,778,0.2319618366129994,0,0.0,778,0.2319618366129994,2576,0.7680381633870006,41,8,0.1951219512195122,0,0.0,8,0.1951219512195122,33,0.8048780487804879
-86.1485,39.772,2644,387,0.14636913767019666,0,0.0,387,0.14636913767019666,2257,0.8536308623298033,44,8,0.18181818181818182,0,0.0,8,0.18181818181818182,36,0.8181818181818182
-86.1485,39.7725,3497,295,0.08435802116099514,0,0.0,295,0.08435802116099514,3202,0.9156419788390049,43,4,0.09302325581395349,0,0.0,4,0.09302325581395349,39,0.9069767441860465
-86.1485,39.773,4370,2086,0.47734553775743704,0,0.0,2086,0.47734553775743704,2284,0.522654462242563,43,3,0.06976744186046512,0,0.0,3,0.06976744186046512,40,0.9302325581395349
-86.1485,39.7735,7309,2350,0.32152141195786016,0,0.0,2350,0.32152141195786016,4959,0.6784785880421398,68,19,0.27941176470588236,0,0.0,19,0.27941176470588236,49,0.7205882352941176
-86.1485,39.774,8115,0,0.0,0,0.0,0,0.0,8115,1.0,60,0,0.0,0,0.0,0,0.0,60,1.0
-86.1485,39.7745,2274,34,0.014951627088830254,0,0.0,34,0.014951627088830254,2240,0.9850483729111698,32,1,0.03125,0,0.0,1,0.03125,31,0.96875
-86.1485,39.775,8825,246,0.027875354107648725,0,0.0,246,0.027875354107648725,8579,0.9721246458923513,54,2,0.037037037037037035,0,0.0,2,0.037037037037037035,52,0.9629629629629629
-86.1485,39.7755,2911,103,0.03538302988663689,0,0.0,103,0.03538302988663689,2808,0.9646169701133631,25,1,0.04,0,0.0,1,0.04,24,0.96
-86.1485,39.776,395,25,0.06329113924050633,0,0.0,25,0.06329113924050633,370,0.9367088607594937,12,1,0.08333333333333333,0,0.0,1,0.08333333333333333,11,0.9166666666666666
-86.1485,39.7765,526,0,0.0,0,0.0,0,0.0,526,1.0,10,0,0.0,0,0.0,0,0.0,10,1.0
-86.1485,39.777,881,0,0.0,0,0.0,0,0.0,881,1.0,10,0,0.0,0,0.0,0,0.0,10,1.0
-86.1485,39.7775,3946,201,0.050937658388241255,0,0.0,201,0.050937658388241255,3745,0.9490623416117587,29,4,0.13793103448275862,0,0.0,4,0.13793103448275862,25,0.8620689655172413
-86.148,39.7665,324,0,0.0,146,0.4506172839506173,146,0.4506172839506173,178,0.5493827160493827,8,0,0.0,4,0.5,4,0.5,4,0.5
-86.148,39.768,615,0,0.0,0,0.0,0,0.0,615,1.0,17,0,0.0,0,0.0,0,0.0,17,1.0
-86.148,39.7695,1776,455,0.2561936936936937,0,0.0,455,0.2561936936936937,1321,0.7438063063063063,22,2,0.09090909090909091,0,0.0,2,0.09090909090909091,20,0.9090909090909091
-86.148,39.771,525,52,0.09904761904761905,0,0.0,52,0.09904761904761905,473,0.900952380952381,33,6,0.18181818181818182,0,0.0,6,0.18181818181818182,27,0.8181818181818182
-86.148,39.772,234,79,0.33760683760683763,0,0.0,79,0.33760683760683763,155,0.6623931623931624,5,2,0.4,0,0.0,2,0.4,3,0.6
-86.148,39.7725,1241,87,0.07010475423045931,0,0.0,87,0.07010475423045931,1154,0.9298952457695407,18,2,0.1111111111111111,0,0.0,2,0.1111111111111111,16,0.8888888888888888
-86.148,39.773,61,0,0.0,0,0.0,0,0.0,61,1.0,1,0,0.0,0,0.0,0,0.0,1,1.0
-86.148,39.7735,2634,2076,0.7881548974943052,0,0.0,2076,0.7881548974943052,558,0.21184510250569477,36,22,0.6111111111111112,0,0.0,22,0.6111111111111112,14,0.3888888888888889
-86.148,39.775,1243,0,0.0,0,0.0,0,0.0,1243,1.0,22,0,0.0,0,0.0,0,0.0,22,1.0
-86.148,39.7755,501,478,0.9540918163672655,0,0.0,478,0.9540918163672655,23,0.04590818363273453,6,4,0.6666666666666666,0,0.0,4,0.6666666666666666,2,0.3333333333333333
-86.148,39.7775,1337,0,0.0,0,0.0,0,0.0,1337,1.0,11,0,0.0,0,0.0,0,0.0,11,1.0
-86.1475,39.7665,324,0,0.0,146,0.4506172839506173,146,0.4506172839506173,178,0.5493827160493827,8,0,0.0,4,0.5,4,0.5,4,0.5
-86.1475,39.768,643,0,0.0,0,0.0,0,0.0,643,1.0,17,0,0.0,0,0.0,0,0.0,17,1.0
-86.1475,39.7695,914,63,0.06892778993435449,0,0.0,63,0.06892778993435449,851,0.9310722100656456,15,2,0.13333333333333333,0,0.0,2,0.13333333333333333,13,0.8666666666666667
-86.1475,39.771,607,177,0.2915980230642504,0,0.0,177,0.2915980230642504,430,0.7084019769357496,29,6,0.20689655172413793,0,0.0,6,0.20689655172413793,23,0.7931034482758621
-86.1475,39.7715,53,36,0.6792452830188679,0,0.0,36,0.6792452830188679,17,0.32075471698113206,2,1,0.5,0,0.0,1,0.5,1,0.5
-86.1475,39.772,251,37,0.14741035856573706,0,0.0,37,0.14741035856573706,214,0.852589641434263,5,1,0.2,0,0.0,1,0.2,4,0.8
-86.1475,39.7725,1578,230,0.14575411913814956,0,0.0,230,0.14575411913814956,1348,0.8542458808618505,23,4,0.17391304347826086,0,0.0,4,0.17391304347826086,19,0.8260869565217391
-86.1475,39.773,27,0,0.0,0,0.0,0,0.0,27,1.0,1,0,0.0,0,0.0,0,0.0,1,1.0
-86.1475,39.7735,624,232,0.3717948717948718,0,0.0,232,0.3717948717948718,392,0.6282051282051282,19,8,0.42105263157894735,0,0.0,8,0.42105263157894735,11,0.5789473684210527
-86.1475,39.775,642,0,0.0,0,0.0,0,0.0,642,1.0,16,0,0.0,0,0.0,0,0.0,16,1.0
-86.1475,39.7755,95,78,0.8210526315789474,0,0.0,78,0.8210526315789474,17,0.17894736842105263,3,2,0.6666666666666666,0,0.0,2,0.6666666666666666,1,0.3333333333333333
-86.1475,39.776,44,22,0.5,0,0.0,22,0.5,22,0.5,2,1,0.5,0,0.0,1,0.5,1,0.5
-86.1475,39.7775,643,0,0.0,0,0.0,0,0.0,643,1.0,13,0,0.0,0,0.0,0,0.0,13,1.0
-86.147,39.7665,340,0,0.0,154,0.45294117647058824,154,0.45294117647058824,186,0.5470588235294118,8,0,0.0,4,0.5,4,0.5,4,0.5
-86.147,39.768,1252,0,0.0,0,0.0,0,0.0,1252,1.0,22,0,0.0,0,0.0,0,0.0,22,1.0
-86.147,39.7685,529,0,0.0,0,0.0,0,0.0,529,1.0,2,0,0.0,0,0.0,0,0.0,2,1.0
-86.147,39.7695,2063,84,0.0407174018419777,0,0.0,84,0.0407174018419777,1979,0.9592825981580223,24,3,0.125,0,0.0,3,0.125,21,0.875
-86.147,39.77,124,0,0.0,0,0.0,0,0.0,124,1.0,2,0,0.0,0,0.0,0,0.0,2,1.0
-86.147,39.7705,125,0,0.0,0,0.0,0,0.0,125,1.0,2,0,0.0,0,0.0,0,0.0,2,1.0
-86.147,39.771,650,77,0.11846153846153847,0,0.0,77,0.11846153846153847,573,0.8815384615384615,27,3,0.1111111111111111,0,0.0,3,0.1111111111111111,24,0.8888888888888888
-86.147,39.7715,153,79,0.5163398692810458,0,0.0,79,0.5163398692810458,74,0.48366013071895425,2,1,0.5,0,0.0,1,0.5,1,0.5
-86.147,39.772,1500,23,0.015333333333333332,0,0.0,23,0.015333333333333332,1477,0.9846666666666667,9,1,0.1111111111111111,0,0.0,1,0.1111111111111111,8,0.8888888888888888
-86.147,39.7725,2563,519,0.20249707374170894,0,0.0,519,0.20249707374170894,2044,0.7975029262582911,23,4,0.17391304347826086,0,0.0,4,0.17391304347826086,19,0.8260869565217391
-86.147,39.7735,1284,309,0.24065420560747663,0,0.0,309,0.24065420560747663,975,0.7593457943925234,24,8,0.3333333333333333,0,0.0,8,0.3333333333333333,16,0.6666666666666666
-86.147,39.774,120,102,0.85,0,0.0,102,0.85,18,0.15,3,2,0.6666666666666666,0,0.0,2,0.6666666666666666,1,0.3333333333333333
-86.147,39.7745,103,103,1.0,0,0.0,103,1.0,0,0.0,2,2,1.0,0,0.0,2,1.0,0,0.0
-86.147,39.775,1462,144,0.09849521203830369,0,0.0,144,0.09849521203830369,1318,0.9015047879616963,29,6,0.20689655172413793,0,0.0,6,0.20689655172413793,23,0.7931034482758621
-86.147,39.7755,134,0,0.0,0,0.0,0,0.0,134,1.0,2,0,0.0,0,0.0,0,0.0,2,1.0
-86.147,39.776,516,6,0.011627906976744186,0,0.0,6,0.011627906976744186,510,0.9883720930232558,5,1,0.2,0,0.0,1,0.2,4,0.8
-86.147,39.7765,534,0,0.0,0,0.0,0,0.0,534,1.0,2,0,0.0,0,0.0,0,0.0,2,1.0
-86.147,39.777,156,0,0.0,0,0.0,0,0.0,156,1.0,2,0,0.0,0,0.0,0,0.0,2,1.0
-86.147,39.7775,840,0,0.0,0,0.0,0,0.0,840,1.0,15,0,0.0,0,0.0,0,0.0,15,1.0
-86.1465,39.7665,333,0,0.0,151,0.45345345345345345,151,0.45345345345345345,182,0.5465465465465466,8,0,0.0,4,0.5,4,0.5,4,0.5
-86.1465,39.768,1104,0,0.0,0,0.0,0,0.0,1104,1.0,15,0,0.0,0,0.0,0,0.0,15,1.0
-86.1465,39.7685,105,0,0.0,0,0.0,0,0.0,105,1.0,2,0,0.0,0,0.0,0,0.0,2,1.0
-86.1465,39.7695,526,50,0.09505703422053231,0,0.0,50,0.09505703422053231,476,0.9049429657794676,17,2,0.11764705882352941,0,0.0,2,0.11764705882352941,15,0.8823529411764706
-86.1465,39.771,511,30,0.05870841487279843,0,0.0,30,0.05870841487279843,481,0.9412915851272016,27,2,0.07407407407407407,0,0.0,2,0.07407407407407407,25,0.9259259259259259
-86.1465,39.772,214,0,0.0,0,0.0,0,0.0,214,1.0,4,0,0.0,0,0.0,0,0.0,4,1.0
-86.1465,39.7725,1676,329,0.19630071599045346,0,0.0,329,0.19630071599045346,1347,0.8036992840095465,26,10,0.38461538461538464,0,0.0,10,0.38461538461538464,16,0.6153846153846154
-86.1465,39.7735,532,125,0.2349624060150376,0,0.0,125,0.2349624060150376,407,0.7650375939849624,16,3,0.1875,0,0.0,3,0.1875,13,0.8125
-86.1465,39.775,1065,0,0.0,0,0.0,0,0.0,1065,1.0,26,0,0.0,0,0.0,0,0.0,26,1.0
-86.1465,39.776,27,0,0.0,0,0.0,0,0.0,27,1.0,2,0,0.0,0,0.0,0,0.0,2,1.0
-86.1465,39.7765,132,0,0.0,0,0.0,0,0.0,132,1.0,4,0,0.0,0,0.0,0,0.0,4,1.0
-86.1465,39.7775,711,0,0.0,0,0.0,0,0.0,711,1.0,20,0,0.0,0,0.0,0,0.0,20,1.0
-86.146,39.7665,386,0,0.0,173,0.4481865284974093,173,0.4481865284974093,213,0.5518134715025906,8,0,0.0,4,0.5,4,0.5,4,0.5
-86.146,39.768,665,0,0.0,0,0.0,0,0.0,665,1.0,14,0,0.0,0,0.0,0,0.0,14,1.0
-86.146,39.7695,566,33,0.05830388692579505,0,0.0,33,0.05830388692579505,533,0.941696113074205,17,1,0.058823529411764705,0,0.0,1,0.058823529411764705,16,0.9411764705882353
-86.146,39.771,521,0,0.0,0,0.0,0,0.0,521,1.0,15,0,0.0,0,0.0,0,0.0,15,1.0
-86.146,39.772,196,0,0.0,0,0.0,0,0.0,196,1.0,3,0,0.0,0,0.0,0,0.0,3,1.0
-86.146,39.7725,1343,350,0.2606105733432614,0,0.0,350,0.2606105733432614,993,0.7393894266567387,18,6,0.3333333333333333,0,0.0,6,0.3333333333333333,12,0.6666666666666666
-86.146,39.7735,515,123,0.23883495145631067,0,0.0,123,0.23883495145631067,392,0.7611650485436893,14,3,0.21428571428571427,0,0.0,3,0.21428571428571427,11,0.7857142857142857
-86.146,39.775,668,0,0.0,0,0.0,0,0.0,668,1.0,20,0,0.0,0,0.0,0,0.0,20,1.0
-86.146,39.7765,85,0,0.0,0,0.0,0,0.0,85,1.0,1,0,0.0,0,0.0,0,0.0,1,1.0
-86.146,39.777,49,0,0.0,0,0.0,0,0.0,49,1.0,1,0,0.0,0,0.0,0,0.0,1,1.0
-86.146,39.7775,1079,0,0.0,0,0.0,0,0.0,1079,1.0,14,0,0.0,0,0.0,0,0.0,14,1.0
-86.1455,39.7655,252,0,0.0,0,0.0,0,0.0,252,1.0,6,0,0.0,0,0.0,0,0.0,6,1.0
-86.1455,39.766,287,0,0.0,0,0.0,0,0.0,287,1.0,6,0,0.0,0,0.0,0,0.0,6,1.0
-86.1455,39.7665,2241,0,0.0,715,0.3190539937527889,715,0.3190539937527889,1526,0.680946006247211,33,0,0.0,16,0.48484848484848486,16,0.48484848484848486,17,0.5151515151515151
-86.1455,39.768,2808,0,0.0,0,0.0,0,0.0,2808,1.0,24,0,0.0,0,0.0,0,0.0,24,1.0
-86.1455,39.7685,455,0,0.0,0,0.0,0,0.0,455,1.0,6,0,0.0,0,0.0,0,0.0,6,1.0
-86.1455,39.769,2124,415,0.19538606403013184,0,0.0,415,0.19538606403013184,1709,0.8046139359698682,18,2,0.1111111111111111,0,0.0,2,0.1111111111111111,16,0.8888888888888888
-86.1455,39.7695,2365,232,0.09809725158562368,0,0.0,232,0.09809725158562368,2133,0.9019027484143763,28,4,0.14285714285714285,0,0.0,4,0.14285714285714285,24,0.8571428571428571
-86.1455,39.77,999,91,0.09109109109109109,0,0.0,91,0.09109109109109109,908,0.908908908908909,21,3,0.14285714285714285,0,0.0,3,0.14285714285714285,18,0.8571428571428571
-86.1455,39.7705,3296,456,0.1383495145631068,0,0.0,456,0.1383495145631068,2840,0.8616504854368932,45,10,0.2222222222222222,0,0.0,10,0.2222222222222222,35,0.7777777777777778
-86.1455,39.771,1466,56,0.03819918144611187,0,0.0,56,0.03819918144611187,1410,0.9618008185538881,34,3,0.08823529411764706,0,0.0,3,0.08823529411764706,31,0.9117647058823529
-86.1455,39.7715,427,62,0.1451990632318501,0,0.0,62,0.1451990632318501,365,0.8548009367681498,13,2,0.15384615384615385,0,0.0,2,0.15384615384615385,11,0.8461538461538461
-86.1455,39.772,394,0,0.0,0,0.0,0,0.0,394,1.0,6,0,0.0,0,0.0,0,0.0,6,1.0
-86.1455,39.7725,3496,467,0.1335812356979405,0,0.0,467,0.1335812356979405,3029,0.8664187643020596,39,6,0.15384615384615385,0,0.0,6,0.15384615384615385,33,0.8461538461538461
-86.1455,39.773,12,0,0.0,0,0.0,0,0.0,12,1.0,1,0,0.0,0,0.0,0,0.0,1,1.0
-86.1455,39.7735,729,282,0.3868312757201646,0,0.0,282,0.3868312757201646,447,0.6131687242798354,22,9,0.4090909090909091,0,0.0,9,0.4090909090909091,13,0.5909090909090909
-86.1455,39.775,804,0,0.0,0,0.0,0,0.0,804,1.0,12,0,0.0,0,0.0,0,0.0,12,1.0
-86.1455,39.777,213,0,0.0,0,0.0,0,0.0,213,1.0,1,0,0.0,0,0.0,0,0.0,1,1.0
-86.1455,39.7775,2013,0,0.0,0,0.0,0,0.0,2013,1.0,14,0,0.0,0,0.0,0,0.0,14,1.0
-86.145,39.7665,207,0,0.0,103,0.4975845410628019,103,0.4975845410628019,104,0.5024154589371981,4,0,0.0,2,0.5,2,0.5,2,0.5
-86.145,39.77,33,32,0.9696969696969697,0,0.0,32,0.9696969696969697,1,0.030303030303030304,2,1,0.5,0,0.0,1,0.5,1,0.5
-86.145,39.7705,789,279,0.35361216730038025,0,0.0,279,0.35361216730038025,510,0.6463878326996197,16,5,0.3125,0,0.0,5,0.3125,11,0.6875
-86.145,39.771,1097,141,0.12853236098450319,0,0.0,141,0.12853236098450319,956,0.8714676390154968,27,3,0.1111111111111111,0,0.0,3,0.1111111111111111,24,0.8888888888888888
-86.145,39.7715,1282,132,0.1029641185647426,0,0.0,132,0.1029641185647426,1150,0.8970358814352574,37,5,0.13513513513513514,0,0.0,5,0.13513513513513514,32,0.8648648648648649
-86.145,39.772,1572,160,0.10178117048346055,0,0.0,160,0.10178117048346055,1412,0.8982188295165394,36,6,0.16666666666666666,0,0.0,6,0.16666666666666666,30,0.8333333333333334
-86.145,39.7725,1872,158,0.08440170940170941,0,0.0,158,0.08440170940170941,1714,0.9155982905982906,39,6,0.15384615384615385,0,0.0,6,0.15384615384615385,33,0.8461538461538461
-86.145,39.773,2350,613,0.26085106382978723,0,0.0,613,0.26085106382978723,1737,0.7391489361702127,42,13,0.30952380952380953,0,0.0,13,0.30952380952380953,29,0.6904761904761905
-86.145,39.7735,6181,932,0.1507846626759424,0,0.0,932,0.1507846626759424,5249,0.8492153373240576,48,21,0.4375,0,0.0,21,0.4375,27,0.5625
-86.145,39.774,886,90,0.10158013544018059,0,0.0,90,0.10158013544018059,796,0.8984198645598194,14,2,0.14285714285714285,0,0.0,2,0.14285714285714285,12,0.8571428571428571
-86.145,39.7745,921,74,0.08034744842562432,0,0.0,74,0.08034744842562432,847,0.9196525515743756,15,2,0.13333333333333333,0,0.0,2,0.13333333333333333,13,0.8666666666666667
-86.145,39.775,1034,78,0.07543520309477757,0,0.0,78,0.07543520309477757,956,0.9245647969052224,17,3,0.17647058823529413,0,0.0,3,0.17647058823529413,14,0.8235294117647058
-86.145,39.7755,405,63,0.15555555555555556,0,0.0,63,0.15555555555555556,342,0.8444444444444444,12,4,0.3333333333333333,0,0.0,4,0.3333333333333333,8,0.6666666666666666
-86.145,39.776,411,57,0.1386861313868613,0,0.0,57,0.1386861313868613,354,0.8613138686131386,8,1,0.125,0,0.0,1,0.125,7,0.875
-86.145,39.7765,452,62,0.13716814159292035,0,0.0,62,0.13716814159292035,390,0.8628318584070797,11,1,0.09090909090909091,0,0.0,1,0.09090909090909091,10,0.9090909090909091
-86.145,39.777,1573,40,0.02542911633820725,0,0.0,40,0.02542911633820725,1533,0.9745708836617928,17,1,0.058823529411764705,0,0.0,1,0.058823529411764705,16,0.9411764705882353
-86.145,39.7775,2024,0,0.0,0,0.0,0,0.0,2024,1.0,19,0,0.0,0,0.0,0,0.0,19,1.0
