grid_lat,grid_lon,total_sample,mw_sample,mw_ratio,sub6_sample,sub6_ratio,5g_sample,5g_sample,lte_sample,lte_ratio,total_cs_sample,mw_cs_sample,mw_cs_ratio,sub6_cs_sample,sub6_cs_ratio,5g_cs_sample,5g_cs_sample,lte_cs_sample,lte_cs_ratio
-86.167,39.7655,2379,0,0.0,2221,0.9335855401429172,2221,0.9335855401429172,158,0.0664144598570828,36,0,0.0,31,0.8611111111111112,31,0.8611111111111112,5,0.1388888888888889
-86.167,39.766,6742,0,0.0,6156,0.9130821714624741,6156,0.9130821714624741,586,0.08691782853752596,70,0,0.0,59,0.8428571428571429,59,0.8428571428571429,11,0.15714285714285714
-86.167,39.7665,1349,0,0.0,1192,0.8836174944403261,1192,0.8836174944403261,157,0.11638250555967383,30,0,0.0,25,0.8333333333333334,25,0.8333333333333334,5,0.16666666666666666
-86.167,39.767,2076,92,0.04431599229287091,1635,0.7875722543352601,1727,0.831888246628131,349,0.16811175337186898,49,3,0.061224489795918366,35,0.7142857142857143,38,0.7755102040816326,11,0.22448979591836735
-86.167,39.7675,1079,182,0.1686746987951807,326,0.30213160333642264,508,0.47080630213160335,571,0.5291936978683967,23,5,0.21739130434782608,9,0.391304347826087,14,0.6086956521739131,9,0.391304347826087
-86.167,39.768,518,130,0.25096525096525096,198,0.38223938223938225,328,0.6332046332046333,190,0.3667953667953668,17,2,0.11764705882352941,11,0.6470588235294118,13,0.7647058823529411,4,0.23529411764705882
-86.167,39.7685,642,81,0.1261682242990654,394,0.6137071651090342,475,0.7398753894080996,167,0.2601246105919003,18,1,0.05555555555555555,14,0.7777777777777778,15,0.8333333333333334,3,0.16666666666666666
-86.167,39.769,400,73,0.1825,252,0.63,325,0.8125,75,0.1875,12,1,0.08333333333333333,10,0.8333333333333334,11,0.9166666666666666,1,0.08333333333333333
-86.167,39.7695,815,112,0.1374233128834356,372,0.456441717791411,484,0.5938650306748466,331,0.40613496932515336,21,2,0.09523809523809523,14,0.6666666666666666,16,0.7619047619047619,5,0.23809523809523808
-86.167,39.77,617,0,0.0,334,0.5413290113452188,334,0.5413290113452188,283,0.4586709886547812,13,0,0.0,7,0.5384615384615384,7,0.5384615384615384,6,0.46153846153846156
-86.167,39.7705,508,0,0.0,301,0.59251968503937,301,0.59251968503937,207,0.4074803149606299,14,0,0.0,9,0.6428571428571429,9,0.6428571428571429,5,0.35714285714285715
-86.167,39.771,675,0,0.0,532,0.7881481481481482,532,0.7881481481481482,143,0.21185185185185185,11,0,0.0,9,0.8181818181818182,9,0.8181818181818182,2,0.18181818181818182
-86.167,39.7715,1539,0,0.0,1039,0.6751137102014295,1039,0.6751137102014295,500,0.3248862897985705,15,0,0.0,12,0.8,12,0.8,3,0.2
-86.167,39.772,176,0,0.0,176,1.0,176,1.0,0,0.0,5,0,0.0,5,1.0,5,1.0,0,0.0
-86.167,39.7725,172,0,0.0,121,0.7034883720930233,121,0.7034883720930233,51,0.29651162790697677,4,0,0.0,3,0.75,3,0.75,1,0.25
-86.167,39.773,46,0,0.0,46,1.0,46,1.0,0,0.0,2,0,0.0,2,1.0,2,1.0,0,0.0
-86.167,39.7735,78,0,0.0,78,1.0,78,1.0,0,0.0,1,0,0.0,1,1.0,1,1.0,0,0.0
-86.167,39.774,3104,0,0.0,3064,0.9871134020618557,3064,0.9871134020618557,40,0.01288659793814433,9,0,0.0,6,0.6666666666666666,6,0.6666666666666666,3,0.3333333333333333
-86.167,39.776,61,0,0.0,0,0.0,0,0.0,61,1.0,3,0,0.0,0,0.0,0,0.0,3,1.0
-86.167,39.7765,337,0,0.0,0,0.0,0,0.0,337,1.0,9,0,0.0,0,0.0,0,0.0,9,1.0
-86.167,39.777,927,0,0.0,426,0.459546925566343,426,0.459546925566343,501,0.540453074433657,33,0,0.0,18,0.5454545454545454,18,0.5454545454545454,15,0.45454545454545453
-86.167,39.7775,3023,186,0.061528283162421434,1528,0.5054581541515051,1714,0.5669864373139265,1309,0.43301356268607344,44,3,0.06818181818181818,21,0.4772727272727273,24,0.5454545454545454,20,0.45454545454545453
-86.1665,39.7655,537,0,0.0,491,0.9143389199255121,491,0.9143389199255121,46,0.0856610800744879,12,0,0.0,11,0.9166666666666666,11,0.9166666666666666,1,0.08333333333333333
-86.1665,39.766,43,0,0.0,27,0.627906976744186,27,0.627906976744186,16,0.37209302325581395,3,0,0.0,2,0.6666666666666666,2,0.6666666666666666,1,0.3333333333333333
-86.1665,39.7665,343,0,0.0,299,0.8717201166180758,299,0.8717201166180758,44,0.1282798833819242,10,0,0.0,9,0.9,9,0.9,1,0.1
-86.1665,39.767,7066,0,0.0,5864,0.8298896122275686,5864,0.8298896122275686,1202,0.17011038777243137,122,0,0.0,92,0.7540983606557377,92,0.7540983606557377,30,0.2459016393442623
-86.1665,39.7675,2235,0,0.0,1507,0.6742729306487696,1507,0.6742729306487696,728,0.3257270693512304,39,0,0.0,25,0.6410256410256411,25,0.6410256410256411,14,0.358974358974359
-86.1665,39.768,1985,0,0.0,1367,0.6886649874055416,1367,0.6886649874055416,618,0.31133501259445845,44,0,0.0,30,0.6818181818181818,30,0.6818181818181818,14,0.3181818181818182
-86.1665,39.7685,2024,0,0.0,1376,0.6798418972332015,1376,0.6798418972332015,648,0.3201581027667984,54,0,0.0,36,0.6666666666666666,36,0.6666666666666666,18,0.3333333333333333
-86.1665,39.769,2169,0,0.0,1358,0.6260949746426925,1358,0.6260949746426925,811,0.3739050253573075,46,0,0.0,31,0.6739130434782609,31,0.6739130434782609,15,0.32608695652173914
-86.1665,39.7695,3103,0,0.0,1704,0.5491459877537866,1704,0.5491459877537866,1399,0.45085401224621335,84,0,0.0,53,0.6309523809523809,53,0.6309523809523809,31,0.36904761904761907
-86.1665,39.77,3682,762,0.20695274307441608,1522,0.4133623030961434,2284,0.6203150461705595,1398,0.3796849538294405,62,2,0.03225806451612903,36,0.5806451612903226,38,0.6129032258064516,24,0.3870967741935484
-86.1665,39.7705,509,95,0.18664047151277013,318,0.6247544204322201,413,0.8113948919449903,96,0.18860510805500982,10,2,0.2,6,0.6,8,0.8,2,0.2
-86.1665,39.771,1765,485,0.2747875354107649,1020,0.5779036827195467,1505,0.8526912181303117,260,0.14730878186968838,40,4,0.1,29,0.725,33,0.825,7,0.175
-86.1665,39.7715,12341,39,0.00316019771493396,11303,0.915890122356373,11342,0.9190503200713069,999,0.08094967992869298,74,1,0.013513513513513514,64,0.8648648648648649,65,0.8783783783783784,9,0.12162162162162163
-86.1665,39.772,4124,0,0.0,3592,0.8709990300678953,3592,0.8709990300678953,532,0.12900096993210475,56,0,0.0,48,0.8571428571428571,48,0.8571428571428571,8,0.14285714285714285
-86.1665,39.7725,2740,10,0.0036496350364963502,2118,0.772992700729927,2128,0.7766423357664234,612,0.22335766423357664,48,1,0.020833333333333332,39,0.8125,40,0.8333333333333334,8,0.16666666666666666
-86.1665,39.773,5391,384,0.07122982749026155,4612,0.8554999072528288,4996,0.9267297347430903,395,0.07327026525690966,51,4,0.0784313725490196,39,0.7647058823529411,43,0.8431372549019608,8,0.1568627450980392
-86.1665,39.7735,3446,177,0.051363900174114914,3123,0.9062681369704004,3300,0.9576320371445154,146,0.04236796285548462,54,4,0.07407407407407407,44,0.8148148148148148,48,0.8888888888888888,6,0.1111111111111111
-86.1665,39.774,6601,212,0.03211634600818058,6220,0.942281472504166,6432,0.9743978185123466,169,0.025602181487653385,75,5,0.06666666666666667,58,0.7733333333333333,63,0.84,12,0.16
-86.1665,39.7745,4374,71,0.01623228166438043,4107,0.9389574759945131,4178,0.9551897576588935,196,0.04481024234110654,38,3,0.07894736842105263,28,0.7368421052631579,31,0.8157894736842105,7,0.18421052631578946
-86.1665,39.775,4423,24,0.005426181324892607,3930,0.8885371919511643,3954,0.8939633732760569,469,0.10603662672394303,36,3,0.08333333333333333,23,0.6388888888888888,26,0.7222222222222222,10,0.2777777777777778
-86.1665,39.7755,4622,141,0.030506274340112504,2173,0.4701427953266984,2314,0.5006490696668109,2308,0.4993509303331891,55,4,0.07272727272727272,25,0.45454545454545453,29,0.5272727272727272,26,0.4727272727272727
-86.1665,39.776,1770,0,0.0,905,0.5112994350282486,905,0.5112994350282486,865,0.4887005649717514,34,0,0.0,18,0.5294117647058824,18,0.5294117647058824,16,0.47058823529411764
-86.1665,39.7765,1093,0,0.0,864,0.7904849039341263,864,0.7904849039341263,229,0.20951509606587373,27,0,0.0,17,0.6296296296296297,17,0.6296296296296297,10,0.37037037037037035
-86.1665,39.777,506,0,0.0,458,0.9051383399209486,458,0.9051383399209486,48,0.09486166007905138,18,0,0.0,16,0.8888888888888888,16,0.8888888888888888,2,0.1111111111111111
-86.166,39.7655,495,0,0.0,450,0.9090909090909091,450,0.9090909090909091,45,0.09090909090909091,11,0,0.0,10,0.9090909090909091,10,0.9090909090909091,1,0.09090909090909091
-86.166,39.767,2073,0,0.0,1412,0.6811384466956102,1412,0.6811384466956102,661,0.31886155330438976,68,0,0.0,49,0.7205882352941176,49,0.7205882352941176,19,0.27941176470588236
-86.166,39.7685,1,0,0.0,1,1.0,1,1.0,0,0.0,1,0,0.0,1,1.0,1,1.0,0,0.0
-86.166,39.769,57,0,0.0,57,1.0,57,1.0,0,0.0,2,0,0.0,2,1.0,2,1.0,0,0.0
-86.166,39.7695,56,0,0.0,56,1.0,56,1.0,0,0.0,1,0,0.0,1,1.0,1,1.0,0,0.0
-86.166,39.77,2060,0,0.0,1199,0.5820388349514564,1199,0.5820388349514564,861,0.4179611650485437,43,0,0.0,30,0.6976744186046512,30,0.6976744186046512,13,0.3023255813953488
-86.166,39.771,484,0,0.0,484,1.0,484,1.0,0,0.0,14,0,0.0,14,1.0,14,1.0,0,0.0
-86.166,39.7715,261,0,0.0,166,0.6360153256704981,166,0.6360153256704981,95,0.36398467432950193,9,0,0.0,6,0.6666666666666666,6,0.6666666666666666,3,0.3333333333333333
-86.166,39.7735,87,0,0.0,0,0.0,0,0.0,87,1.0,1,0,0.0,0,0.0,0,0.0,1,1.0
-86.166,39.774,8693,150,0.017255262855170827,8450,0.9720464741746233,8600,0.9893017370297942,93,0.010698262970205912,74,2,0.02702702702702703,62,0.8378378378378378,64,0.8648648648648649,10,0.13513513513513514
-86.166,39.7745,4,0,0.0,1,0.25,1,0.25,3,0.75,2,0,0.0,1,0.5,1,0.5,1,0.5
-86.166,39.775,222,0,0.0,179,0.8063063063063063,179,0.8063063063063063,43,0.19369369369369369,3,0,0.0,2,0.6666666666666666,2,0.6666666666666666,1,0.3333333333333333
-86.1655,39.7655,740,0,0.0,686,0.927027027027027,686,0.927027027027027,54,0.07297297297297298,11,0,0.0,10,0.9090909090909091,10,0.9090909090909091,1,0.09090909090909091
-86.1655,39.767,20150,0,0.0,9876,0.4901240694789082,9876,0.4901240694789082,10274,0.5098759305210918,101,0,0.0,46,0.45544554455445546,46,0.45544554455445546,55,0.5445544554455446
-86.1655,39.77,1592,26,0.016331658291457288,852,0.535175879396985,878,0.5515075376884423,714,0.4484924623115578,46,2,0.043478260869565216,26,0.5652173913043478,28,0.6086956521739131,18,0.391304347826087
-86.1655,39.771,767,0,0.0,725,0.9452411994784876,725,0.9452411994784876,42,0.054758800521512385,22,0,0.0,20,0.9090909090909091,20,0.9090909090909091,2,0.09090909090909091
-86.1655,39.7715,118,0,0.0,46,0.3898305084745763,46,0.3898305084745763,72,0.6101694915254238,7,0,0.0,5,0.7142857142857143,5,0.7142857142857143,2,0.2857142857142857
-86.1655,39.7735,37,0,0.0,0,0.0,0,0.0,37,1.0,1,0,0.0,0,0.0,0,0.0,1,1.0
-86.1655,39.774,3315,0,0.0,3270,0.9864253393665159,3270,0.9864253393665159,45,0.013574660633484163,47,0,0.0,45,0.9574468085106383,45,0.9574468085106383,2,0.0425531914893617
-86.1655,39.7745,202,0,0.0,155,0.7673267326732673,155,0.7673267326732673,47,0.23267326732673269,3,0,0.0,2,0.6666666666666666,2,0.6666666666666666,1,0.3333333333333333
-86.165,39.7655,454,0,0.0,405,0.8920704845814978,405,0.8920704845814978,49,0.10792951541850221,9,0,0.0,8,0.8888888888888888,8,0.8888888888888888,1,0.1111111111111111
-86.165,39.767,8486,0,0.0,4484,0.5283997171812397,4484,0.5283997171812397,4002,0.4716002828187603,144,0,0.0,89,0.6180555555555556,89,0.6180555555555556,55,0.3819444444444444
-86.165,39.77,1735,90,0.05187319884726225,587,0.338328530259366,677,0.39020172910662826,1058,0.6097982708933718,37,2,0.05405405405405406,24,0.6486486486486487,26,0.7027027027027027,11,0.2972972972972973
-86.165,39.771,674,0,0.0,564,0.8367952522255193,564,0.8367952522255193,110,0.1632047477744807,19,0,0.0,17,0.8947368421052632,17,0.8947368421052632,2,0.10526315789473684
-86.165,39.7735,11,0,0.0,0,0.0,0,0.0,11,1.0,1,0,0.0,0,0.0,0,0.0,1,1.0
-86.165,39.774,2002,0,0.0,1896,0.9470529470529471,1896,0.9470529470529471,106,0.052947052947052944,39,0,0.0,36,0.9230769230769231,36,0.9230769230769231,3,0.07692307692307693
-86.165,39.7745,448,0,0.0,440,0.9821428571428571,440,0.9821428571428571,8,0.017857142857142856,3,0,0.0,2,0.6666666666666666,2,0.6666666666666666,1,0.3333333333333333
-86.1645,39.7655,427,0,0.0,378,0.8852459016393442,378,0.8852459016393442,49,0.11475409836065574,11,0,0.0,10,0.9090909090909091,10,0.9090909090909091,1,0.09090909090909091
-86.1645,39.767,2305,0,0.0,1547,0.6711496746203904,1547,0.6711496746203904,758,0.32885032537960956,50,0,0.0,36,0.72,36,0.72,14,0.28
-86.1645,39.77,1752,219,0.125,401,0.2288812785388128,620,0.3538812785388128,1132,0.6461187214611872,48,7,0.14583333333333334,24,0.5,31,0.6458333333333334,17,0.3541666666666667
-86.1645,39.771,679,0,0.0,526,0.7746686303387335,526,0.7746686303387335,153,0.22533136966126657,24,0,0.0,19,0.7916666666666666,19,0.7916666666666666,5,0.20833333333333334
-86.1645,39.7735,92,0,0.0,62,0.6739130434782609,62,0.6739130434782609,30,0.32608695652173914,3,0,0.0,2,0.6666666666666666,2,0.6666666666666666,1,0.3333333333333333
-86.1645,39.774,6510,27,0.004147465437788019,5943,0.9129032258064517,5970,0.9170506912442397,540,0.08294930875576037,79,2,0.02531645569620253,65,0.8227848101265823,67,0.8481012658227848,12,0.1518987341772152
-86.164,39.7655,676,0,0.0,501,0.7411242603550295,501,0.7411242603550295,175,0.2588757396449704,15,0,0.0,13,0.8666666666666667,13,0.8666666666666667,2,0.13333333333333333
-86.164,39.767,1736,0,0.0,1121,0.6457373271889401,1121,0.6457373271889401,615,0.3542626728110599,39,0,0.0,25,0.6410256410256411,25,0.6410256410256411,14,0.358974358974359
-86.164,39.7695,625,0,0.0,416,0.6656,416,0.6656,209,0.3344,5,0,0.0,2,0.4,2,0.4,3,0.6
-86.164,39.77,1936,109,0.05630165289256198,552,0.28512396694214875,661,0.34142561983471076,1275,0.6585743801652892,36,3,0.08333333333333333,19,0.5277777777777778,22,0.6111111111111112,14,0.3888888888888889
-86.164,39.771,13834,12999,0.9396414630620211,597,0.04315454676883042,13596,0.9827960098308516,238,0.017203990169148475,32,1,0.03125,24,0.75,25,0.78125,7,0.21875
-86.164,39.773,66,0,0.0,49,0.7424242424242424,49,0.7424242424242424,17,0.25757575757575757,3,0,0.0,2,0.6666666666666666,2,0.6666666666666666,1,0.3333333333333333
-86.164,39.7735,109,0,0.0,81,0.7431192660550459,81,0.7431192660550459,28,0.25688073394495414,3,0,0.0,2,0.6666666666666666,2,0.6666666666666666,1,0.3333333333333333
-86.164,39.774,3221,75,0.02328469419434958,3060,0.9500155231294629,3135,0.9733002173238124,86,0.02669978267618752,73,4,0.0547945205479452,63,0.863013698630137,67,0.9178082191780822,6,0.0821917808219178
-86.1635,39.7655,447,0,0.0,389,0.8702460850111857,389,0.8702460850111857,58,0.1297539149888143,14,0,0.0,13,0.9285714285714286,13,0.9285714285714286,1,0.07142857142857142
-86.1635,39.767,1805,0,0.0,1167,0.6465373961218837,1167,0.6465373961218837,638,0.35346260387811634,39,0,0.0,25,0.6410256410256411,25,0.6410256410256411,14,0.358974358974359
-86.1635,39.7695,1111,808,0.7272727272727273,115,0.1035103510351035,923,0.8307830783078308,188,0.1692169216921692,12,3,0.25,4,0.3333333333333333,7,0.5833333333333334,5,0.4166666666666667
-86.1635,39.77,8466,3996,0.47200566973777464,1119,0.13217576187101346,5115,0.6041814316087881,3351,0.39581856839121193,110,26,0.23636363636363636,32,0.2909090909090909,58,0.5272727272727272,52,0.4727272727272727
-86.1635,39.771,3511,340,0.0968385075477072,2000,0.5696382796923953,2340,0.6664767872401025,1171,0.3335232127598975,53,2,0.03773584905660377,33,0.6226415094339622,35,0.660377358490566,18,0.33962264150943394
-86.1635,39.7725,35,17,0.4857142857142857,7,0.2,24,0.6857142857142857,11,0.3142857142857143,3,1,0.3333333333333333,1,0.3333333333333333,2,0.6666666666666666,1,0.3333333333333333
-86.1635,39.773,380,52,0.1368421052631579,272,0.7157894736842105,324,0.8526315789473684,56,0.14736842105263157,10,1,0.1,6,0.6,7,0.7,3,0.3
-86.1635,39.774,4761,125,0.026254988447805085,4514,0.9481201428271372,4639,0.9743751312749422,122,0.025624868725057762,75,4,0.05333333333333334,60,0.8,64,0.8533333333333334,11,0.14666666666666667
-86.163,39.7655,461,0,0.0,376,0.8156182212581344,376,0.8156182212581344,85,0.1843817787418655,16,0,0.0,13,0.8125,13,0.8125,3,0.1875
-86.163,39.767,3419,0,0.0,2208,0.6458028663351857,2208,0.6458028663351857,1211,0.35419713366481426,47,0,0.0,31,0.6595744680851063,31,0.6595744680851063,16,0.3404255319148936
-86.163,39.7695,268,19,0.0708955223880597,124,0.4626865671641791,143,0.5335820895522388,125,0.4664179104477612,6,1,0.16666666666666666,3,0.5,4,0.6666666666666666,2,0.3333333333333333
-86.163,39.77,11957,4081,0.34130634774609014,3899,0.3260851384126453,7980,0.6673914861587354,3977,0.33260851384126455,163,29,0.17791411042944785,70,0.4294478527607362,99,0.6073619631901841,64,0.39263803680981596
-86.163,39.7705,4855,458,0.09433573635427395,4072,0.8387229660144181,4530,0.933058702368692,325,0.06694129763130793,56,11,0.19642857142857142,30,0.5357142857142857,41,0.7321428571428571,15,0.26785714285714285
-86.163,39.771,6626,1006,0.15182613945064896,4335,0.6542408693027467,5341,0.8060670087533957,1285,0.1939329912466043,154,19,0.12337662337662338,89,0.577922077922078,108,0.7012987012987013,46,0.2987012987012987
-86.163,39.7715,12367,4262,0.34462682946551304,4380,0.3541683512573785,8642,0.6987951807228916,3725,0.30120481927710846,92,11,0.11956521739130435,45,0.4891304347826087,56,0.6086956521739131,36,0.391304347826087
-86.163,39.772,2593,347,0.13382182799845738,1687,0.6505977632086386,2034,0.7844195912070959,559,0.21558040879290397,45,6,0.13333333333333333,26,0.5777777777777777,32,0.7111111111111111,13,0.28888888888888886
-86.163,39.7725,13708,2822,0.20586518821126348,4854,0.35409979573971406,7676,0.5599649839509775,6032,0.44003501604902245,98,15,0.15306122448979592,40,0.40816326530612246,55,0.5612244897959183,43,0.4387755102040816
-86.163,39.773,4486,0,0.0,4235,0.9440481497993758,4235,0.9440481497993758,251,0.05595185020062417,47,0,0.0,33,0.7021276595744681,33,0.7021276595744681,14,0.2978723404255319
-86.163,39.7735,1287,0,0.0,1050,0.8158508158508159,1050,0.8158508158508159,237,0.18414918414918416,21,0,0.0,16,0.7619047619047619,16,0.7619047619047619,5,0.23809523809523808
-86.163,39.774,4810,58,0.012058212058212059,4265,0.8866943866943867,4323,0.8987525987525988,487,0.10124740124740125,90,2,0.022222222222222223,75,0.8333333333333334,77,0.8555555555555555,13,0.14444444444444443
-86.163,39.7745,1917,0,0.0,1508,0.7866458007303078,1508,0.7866458007303078,409,0.21335419926969224,29,0,0.0,22,0.7586206896551724,22,0.7586206896551724,7,0.2413793103448276
-86.163,39.775,2273,0,0.0,1731,0.7615486141663,1731,0.7615486141663,542,0.23845138583369996,32,0,0.0,23,0.71875,23,0.71875,9,0.28125
-86.163,39.7755,6917,0,0.0,5572,0.8055515396848345,5572,0.8055515396848345,1345,0.19444846031516552,44,0,0.0,26,0.5909090909090909,26,0.5909090909090909,18,0.4090909090909091
-86.163,39.776,1472,0,0.0,1012,0.6875,1012,0.6875,460,0.3125,30,0,0.0,15,0.5,15,0.5,15,0.5
-86.163,39.7765,1178,0,0.0,521,0.44227504244482174,521,0.44227504244482174,657,0.5577249575551783,25,0,0.0,10,0.4,10,0.4,15,0.6
-86.163,39.777,1174,0,0.0,468,0.3986371379897785,468,0.3986371379897785,706,0.6013628620102215,22,0,0.0,10,0.45454545454545453,10,0.45454545454545453,12,0.5454545454545454
-86.163,39.7775,1985,0,0.0,1463,0.7370277078085642,1463,0.7370277078085642,522,0.26297229219143575,20,0,0.0,11,0.55,11,0.55,9,0.45
-86.1625,39.7655,448,0,0.0,384,0.8571428571428571,384,0.8571428571428571,64,0.14285714285714285,15,0,0.0,13,0.8666666666666667,13,0.8666666666666667,2,0.13333333333333333
-86.1625,39.767,2071,8,0.00386286817962337,1304,0.6296475132786093,1312,0.6335103814582327,759,0.36648961854176726,71,1,0.014084507042253521,47,0.6619718309859155,48,0.676056338028169,23,0.323943661971831
-86.1625,39.7695,1543,650,0.42125729099157483,354,0.22942320155541154,1004,0.6506804925469863,539,0.3493195074530136,35,6,0.17142857142857143,13,0.37142857142857144,19,0.5428571428571428,16,0.45714285714285713
-86.1625,39.77,1912,313,0.1637029288702929,608,0.3179916317991632,921,0.48169456066945604,991,0.518305439330544,70,10,0.14285714285714285,27,0.38571428571428573,37,0.5285714285714286,33,0.4714285714285714
-86.1625,39.771,2114,545,0.2578051087984863,1144,0.5411542100283823,1689,0.7989593188268685,425,0.2010406811731315,65,10,0.15384615384615385,35,0.5384615384615384,45,0.6923076923076923,20,0.3076923076923077
-86.1625,39.7725,1572,672,0.42748091603053434,97,0.06170483460559797,769,0.4891857506361323,803,0.5108142493638677,26,4,0.15384615384615385,4,0.15384615384615385,8,0.3076923076923077,18,0.6923076923076923
-86.1625,39.774,1060,43,0.040566037735849055,754,0.7113207547169811,797,0.7518867924528302,263,0.2481132075471698,41,1,0.024390243902439025,25,0.6097560975609756,26,0.6341463414634146,15,0.36585365853658536
-86.1625,39.7755,264,0,0.0,132,0.5,132,0.5,132,0.5,9,0,0.0,6,0.6666666666666666,6,0.6666666666666666,3,0.3333333333333333
-86.1625,39.7775,8,0,0.0,8,1.0,8,1.0,0,0.0,1,0,0.0,1,1.0,1,1.0,0,0.0
-86.162,39.7655,524,0,0.0,431,0.8225190839694656,431,0.8225190839694656,93,0.17748091603053434,24,0,0.0,21,0.875,21,0.875,3,0.125
-86.162,39.767,2710,44,0.016236162361623615,1879,0.6933579335793358,1923,0.7095940959409595,787,0.2904059040590406,96,3,0.03125,60,0.625,63,0.65625,33,0.34375
-86.162,39.7695,1702,265,0.15569917743830788,556,0.32667450058754405,821,0.48237367802585196,881,0.517626321974148,40,8,0.2,19,0.475,27,0.675,13,0.325
-86.162,39.77,2134,1095,0.5131208997188379,405,0.18978444236176195,1500,0.7029053420805998,634,0.2970946579194002,56,8,0.14285714285714285,21,0.375,29,0.5178571428571429,27,0.48214285714285715
-86.162,39.771,3084,557,0.18060959792477302,1581,0.5126459143968871,2138,0.6932555123216602,946,0.30674448767833984,62,8,0.12903225806451613,38,0.6129032258064516,46,0.7419354838709677,16,0.25806451612903225
-86.162,39.7725,673,76,0.11292719167904904,112,0.1664190193164933,188,0.27934621099554235,485,0.7206537890044576,17,2,0.11764705882352941,2,0.11764705882352941,4,0.23529411764705882,13,0.7647058823529411
-86.162,39.774,1064,3,0.002819548872180451,588,0.5526315789473685,591,0.555451127819549,473,0.44454887218045114,39,1,0.02564102564102564,20,0.5128205128205128,21,0.5384615384615384,18,0.46153846153846156
-86.162,39.7755,219,0,0.0,152,0.6940639269406392,152,0.6940639269406392,67,0.3059360730593607,9,0,0.0,6,0.6666666666666666,6,0.6666666666666666,3,0.3333333333333333
-86.1615,39.7655,10926,0,0.0,7671,0.7020867655134542,7671,0.7020867655134542,3255,0.29791323448654583,112,0,0.0,70,0.625,70,0.625,42,0.375
-86.1615,39.766,4721,0,0.0,3153,0.6678669773353103,3153,0.6678669773353103,1568,0.3321330226646897,67,0,0.0,42,0.6268656716417911,42,0.6268656716417911,25,0.373134328358209
-86.1615,39.7665,4040,0,0.0,2824,0.699009900990099,2824,0.699009900990099,1216,0.300990099009901,57,0,0.0,38,0.6666666666666666,38,0.6666666666666666,19,0.3333333333333333
-86.1615,39.767,17200,209,0.012151162790697674,11637,0.6765697674418605,11846,0.6887209302325582,5354,0.31127906976744185,257,8,0.0311284046692607,144,0.5603112840466926,152,0.5914396887159533,105,0.4085603112840467
-86.1615,39.7675,4680,34,0.007264957264957265,2619,0.5596153846153846,2653,0.5668803418803419,2027,0.43311965811965814,133,2,0.015037593984962405,66,0.49624060150375937,68,0.5112781954887218,65,0.48872180451127817
-86.1615,39.768,37600,149,0.0039627659574468085,21571,0.5736968085106383,21720,0.5776595744680851,15880,0.4223404255319149,259,4,0.015444015444015444,97,0.3745173745173745,101,0.38996138996138996,158,0.61003861003861
-86.1615,39.7685,7994,430,0.0537903427570678,4607,0.5763072304228171,5037,0.6300975731798849,2957,0.3699024268201151,146,8,0.0547945205479452,71,0.4863013698630137,79,0.541095890410959,67,0.4589041095890411
-86.1615,39.769,5790,425,0.07340241796200346,2661,0.4595854922279793,3086,0.5329879101899827,2704,0.4670120898100173,135,19,0.14074074074074075,52,0.3851851851851852,71,0.5259259259259259,64,0.4740740740740741
-86.1615,39.7695,12109,2095,0.17301180939796845,4465,0.3687339995045008,6560,0.5417458089024693,5549,0.45825419109753074,305,54,0.17704918032786884,105,0.3442622950819672,159,0.521311475409836,146,0.4786885245901639
-86.1615,39.77,5354,935,0.17463578632797908,2392,0.44676877101232726,3327,0.6214045573403063,2027,0.3785954426596937,154,16,0.1038961038961039,73,0.474025974025974,89,0.577922077922078,65,0.42207792207792205
-86.1615,39.7705,6490,1643,0.25315870570107857,2422,0.3731895223420647,4065,0.6263482280431433,2425,0.3736517719568567,93,13,0.13978494623655913,44,0.4731182795698925,57,0.6129032258064516,36,0.3870967741935484
-86.1615,39.771,29207,4468,0.15297702605539767,18101,0.6197486903824425,22569,0.7727257164378402,6638,0.22727428356215976,249,25,0.10040160642570281,132,0.5301204819277109,157,0.6305220883534136,92,0.36947791164658633
-86.1615,39.7715,22430,5447,0.24284440481497993,11827,0.5272848863129737,17274,0.7701292911279536,5156,0.22987070887204636,314,46,0.1464968152866242,151,0.48089171974522293,197,0.6273885350318471,117,0.37261146496815284
-86.1615,39.772,21226,1482,0.06982003203618205,6511,0.3067464430415528,7993,0.37656647507773483,13233,0.6234335249222651,164,28,0.17073170731707318,67,0.40853658536585363,95,0.5792682926829268,69,0.42073170731707316
-86.1615,39.7725,56278,39904,0.7090514943672483,6029,0.10712889583851594,45933,0.8161803902057643,10345,0.18381960979423576,351,107,0.30484330484330485,69,0.19658119658119658,176,0.5014245014245015,175,0.4985754985754986
-86.1615,39.773,33962,393,0.011571756669218539,22251,0.655173429126671,22644,0.6667451857958895,11318,0.33325481420411046,194,9,0.04639175257731959,97,0.5,106,0.5463917525773195,88,0.4536082474226804
-86.1615,39.7735,16384,44,0.002685546875,3819,0.23309326171875,3863,0.23577880859375,12521,0.76422119140625,59,2,0.03389830508474576,23,0.3898305084745763,25,0.423728813559322,34,0.576271186440678
-86.1615,39.774,1068,0,0.0,491,0.4597378277153558,491,0.4597378277153558,577,0.5402621722846442,29,0,0.0,12,0.41379310344827586,12,0.41379310344827586,17,0.5862068965517241
-86.1615,39.7755,275,0,0.0,180,0.6545454545454545,180,0.6545454545454545,95,0.34545454545454546,8,0,0.0,6,0.75,6,0.75,2,0.25
-86.161,39.7655,4119,0,0.0,2600,0.6312211701869386,2600,0.6312211701869386,1519,0.3687788298130614,90,0,0.0,75,0.8333333333333334,75,0.8333333333333334,15,0.16666666666666666
-86.161,39.7665,24,0,0.0,24,1.0,24,1.0,0,0.0,1,0,0.0,1,1.0,1,1.0,0,0.0
-86.161,39.767,8900,555,0.062359550561797754,6812,0.7653932584269663,7367,0.827752808988764,1533,0.17224719101123595,87,14,0.16091954022988506,49,0.5632183908045977,63,0.7241379310344828,24,0.27586206896551724
-86.161,39.7695,2122,274,0.1291234684260132,1153,0.5433553251649388,1427,0.672478793590952,695,0.3275212064090481,110,11,0.1,61,0.5545454545454546,72,0.6545454545454545,38,0.34545454545454546
-86.161,39.77,11181,723,0.06466326804400321,7292,0.6521778016277614,8015,0.7168410696717646,3166,0.2831589303282354,83,2,0.024096385542168676,47,0.5662650602409639,49,0.5903614457831325,34,0.40963855421686746
-86.161,39.7705,27,0,0.0,0,0.0,0,0.0,27,1.0,1,0,0.0,0,0.0,0,0.0,1,1.0
-86.161,39.771,3570,420,0.11764705882352941,2266,0.6347338935574229,2686,0.7523809523809524,884,0.24761904761904763,83,10,0.12048192771084337,49,0.5903614457831325,59,0.7108433734939759,24,0.2891566265060241
-86.161,39.7715,2309,1010,0.43741879601559114,885,0.3832828064097012,1895,0.8207016024252923,414,0.17929839757470767,45,9,0.2,24,0.5333333333333333,33,0.7333333333333333,12,0.26666666666666666
-86.161,39.772,778,400,0.5141388174807198,53,0.06812339331619537,453,0.5822622107969151,325,0.41773778920308485,23,9,0.391304347826087,4,0.17391304347826086,13,0.5652173913043478,10,0.43478260869565216
-86.161,39.7725,24226,9661,0.39878642780483775,7759,0.3202757368116899,17420,0.7190621646165276,6806,0.2809378353834723,333,67,0.2012012012012012,133,0.3993993993993994,200,0.6006006006006006,133,0.3993993993993994
-86.161,39.773,3816,670,0.17557651991614256,2810,0.7363731656184487,3480,0.9119496855345912,336,0.0880503144654088,54,14,0.25925925925925924,32,0.5925925925925926,46,0.8518518518518519,8,0.14814814814814814
-86.161,39.7735,7382,855,0.11582227038742889,5194,0.7036033595231644,6049,0.8194256299105933,1333,0.18057437008940666,85,16,0.18823529411764706,49,0.5764705882352941,65,0.7647058823529411,20,0.23529411764705882
-86.161,39.774,25685,6235,0.242748686003504,13403,0.521822075141133,19638,0.764570761144637,6047,0.23542923885536304,199,36,0.18090452261306533,102,0.5125628140703518,138,0.6934673366834171,61,0.3065326633165829
-86.161,39.7745,2557,109,0.04262807978099335,2105,0.8232303480641376,2214,0.865858427845131,343,0.134141572154869,38,2,0.05263157894736842,26,0.6842105263157895,28,0.7368421052631579,10,0.2631578947368421
-86.161,39.775,1785,47,0.026330532212885154,1278,0.7159663865546219,1325,0.742296918767507,460,0.25770308123249297,35,1,0.02857142857142857,22,0.6285714285714286,23,0.6571428571428571,12,0.34285714285714286
-86.161,39.7755,10352,124,0.011978361669242658,6942,0.6705950540958269,7066,0.6825734157650696,3286,0.3174265842349305,82,2,0.024390243902439025,38,0.4634146341463415,40,0.4878048780487805,42,0.5121951219512195
-86.161,39.776,914,104,0.1137855579868709,411,0.449671772428884,515,0.5634573304157549,399,0.4365426695842451,19,2,0.10526315789473684,7,0.3684210526315789,9,0.47368421052631576,10,0.5263157894736842
-86.161,39.7765,2667,681,0.25534308211473566,713,0.2673415823022122,1394,0.5226846644169478,1273,0.4773153355830521,19,3,0.15789473684210525,5,0.2631578947368421,8,0.42105263157894735,11,0.5789473684210527
-86.161,39.777,1812,329,0.1815673289183223,671,0.37030905077262694,1000,0.5518763796909493,812,0.4481236203090508,20,3,0.15,6,0.3,9,0.45,11,0.55
-86.161,39.7775,951,138,0.14511041009463724,171,0.17981072555205047,309,0.3249211356466877,642,0.6750788643533123,17,3,0.17647058823529413,3,0.17647058823529413,6,0.35294117647058826,11,0.6470588235294118
-86.1605,39.7655,2707,0,0.0,2043,0.754710011082379,2043,0.754710011082379,664,0.245289988917621,59,0,0.0,40,0.6779661016949152,40,0.6779661016949152,19,0.3220338983050847
-86.1605,39.7665,306,0,0.0,306,1.0,306,1.0,0,0.0,1,0,0.0,1,1.0,1,1.0,0,0.0
-86.1605,39.767,2434,298,0.12243221035332785,1765,0.7251437962202136,2063,0.8475760065735415,371,0.15242399342645852,51,10,0.19607843137254902,31,0.6078431372549019,41,0.803921568627451,10,0.19607843137254902
-86.1605,39.7695,4577,213,0.046537032991042164,2704,0.5907799868909767,2917,0.6373170198820188,1660,0.3626829801179812,117,11,0.09401709401709402,62,0.5299145299145299,73,0.6239316239316239,44,0.37606837606837606
-86.1605,39.77,11578,0,0.0,8174,0.7059941267921921,8174,0.7059941267921921,3404,0.2940058732078079,60,0,0.0,26,0.43333333333333335,26,0.43333333333333335,34,0.5666666666666667
-86.1605,39.7705,70,0,0.0,0,0.0,0,0.0,70,1.0,1,0,0.0,0,0.0,0,0.0,1,1.0
-86.1605,39.771,18217,747,0.04100565405939507,1753,0.09622879727726849,2500,0.13723445133666357,15717,0.8627655486633364,109,16,0.14678899082568808,52,0.47706422018348627,68,0.6238532110091743,41,0.3761467889908257
-86.1605,39.7725,4614,1343,0.2910706545296922,1633,0.3539228435197226,2976,0.6449934980494147,1638,0.3550065019505852,134,32,0.23880597014925373,57,0.4253731343283582,89,0.664179104477612,45,0.3358208955223881
-86.1605,39.774,2444,419,0.17144026186579378,753,0.30810147299509,1172,0.4795417348608838,1272,0.5204582651391162,71,12,0.16901408450704225,21,0.29577464788732394,33,0.4647887323943662,38,0.5352112676056338
-86.1605,39.7755,1487,0,0.0,291,0.1956960322797579,291,0.1956960322797579,1196,0.8043039677202422,40,0,0.0,10,0.25,10,0.25,30,0.75
-86.16,39.7655,17792,0,0.0,7801,0.43845548561151076,7801,0.43845548561151076,9991,0.5615445143884892,199,0,0.0,102,0.5125628140703518,102,0.5125628140703518,97,0.48743718592964824
-86.16,39.766,4430,0,0.0,2501,0.5645598194130925,2501,0.5645598194130925,1929,0.4354401805869074,46,0,0.0,14,0.30434782608695654,14,0.30434782608695654,32,0.6956521739130435
-86.16,39.7665,5191,0,0.0,2678,0.5158928915430553,2678,0.5158928915430553,2513,0.4841071084569447,52,0,0.0,30,0.5769230769230769,30,0.5769230769230769,22,0.4230769230769231
-86.16,39.767,3662,309,0.0843801201529219,2670,0.7291097760786456,2979,0.8134898962315675,683,0.18651010376843255,54,7,0.12962962962962962,33,0.6111111111111112,40,0.7407407407407407,14,0.25925925925925924
-86.16,39.7675,215,0,0.0,214,0.9953488372093023,214,0.9953488372093023,1,0.004651162790697674,4,0,0.0,3,0.75,3,0.75,1,0.25
-86.16,39.768,946,0,0.0,364,0.38477801268498946,364,0.38477801268498946,582,0.6152219873150105,4,0,0.0,2,0.5,2,0.5,2,0.5
-86.16,39.7685,74,0,0.0,0,0.0,0,0.0,74,1.0,1,0,0.0,0,0.0,0,0.0,1,1.0
-86.16,39.769,90,0,0.0,0,0.0,0,0.0,90,1.0,1,0,0.0,0,0.0,0,0.0,1,1.0
-86.16,39.7695,11524,1833,0.15905935439083652,2534,0.21988892745574454,4367,0.378948281846581,7157,0.621051718153419,132,14,0.10606060606060606,56,0.42424242424242425,70,0.5303030303030303,62,0.4696969696969697
-86.16,39.77,907,0,0.0,292,0.3219404630650496,292,0.3219404630650496,615,0.6780595369349504,18,0,0.0,8,0.4444444444444444,8,0.4444444444444444,10,0.5555555555555556
-86.16,39.771,5243,830,0.1583063131794774,3061,0.5838260537860004,3891,0.7421323669654778,1352,0.2578676330345222,98,14,0.14285714285714285,55,0.5612244897959183,69,0.7040816326530612,29,0.29591836734693877
-86.16,39.7725,6421,1793,0.27923999377044073,1941,0.3022893630275658,3734,0.5815293567980065,2687,0.41847064320199345,146,40,0.273972602739726,52,0.3561643835616438,92,0.6301369863013698,54,0.3698630136986301
-86.16,39.774,2190,353,0.16118721461187216,638,0.291324200913242,991,0.4525114155251142,1199,0.5474885844748858,73,10,0.136986301369863,16,0.2191780821917808,26,0.3561643835616438,47,0.6438356164383562
-86.16,39.7755,1169,28,0.023952095808383235,232,0.19846022241231823,260,0.22241231822070145,909,0.7775876817792986,32,3,0.09375,6,0.1875,9,0.28125,23,0.71875
-86.1595,39.7655,5715,0,0.0,4101,0.7175853018372703,4101,0.7175853018372703,1614,0.2824146981627297,122,0,0.0,77,0.6311475409836066,77,0.6311475409836066,45,0.36885245901639346
-86.1595,39.766,3911,0,0.0,1331,0.340322168243416,1331,0.340322168243416,2580,0.659677831756584,99,0,0.0,39,0.3939393939393939,39,0.3939393939393939,60,0.6060606060606061
-86.1595,39.7665,29076,0,0.0,17124,0.5889393314073462,17124,0.5889393314073462,11952,0.4110606685926537,264,0,0.0,163,0.6174242424242424,163,0.6174242424242424,101,0.38257575757575757
-86.1595,39.767,11605,1151,0.0991813873330461,7874,0.6785006462731581,9025,0.7776820336062042,2580,0.22231796639379578,142,11,0.07746478873239436,93,0.6549295774647887,104,0.7323943661971831,38,0.2676056338028169
-86.1595,39.7675,3257,0,0.0,2034,0.6245010746085354,2034,0.6245010746085354,1223,0.3754989253914645,48,0,0.0,27,0.5625,27,0.5625,21,0.4375
-86.1595,39.768,10782,0,0.0,6300,0.5843071786310517,6300,0.5843071786310517,4482,0.41569282136894825,92,0,0.0,57,0.6195652173913043,57,0.6195652173913043,35,0.3804347826086957
-86.1595,39.7685,3115,0,0.0,1443,0.46324237560192616,1443,0.46324237560192616,1672,0.5367576243980738,42,0,0.0,24,0.5714285714285714,24,0.5714285714285714,18,0.42857142857142855
-86.1595,39.769,3399,0,0.0,1302,0.383053839364519,1302,0.383053839364519,2097,0.616946160635481,37,0,0.0,18,0.4864864864864865,18,0.4864864864864865,19,0.5135135135135135
-86.1595,39.7695,18733,230,0.012277798537340522,8187,0.4370362461965515,8417,0.449314044733892,10316,0.550685955266108,124,4,0.03225806451612903,61,0.49193548387096775,65,0.5241935483870968,59,0.47580645161290325
-86.1595,39.77,3679,0,0.0,1472,0.4001087251970644,1472,0.4001087251970644,2207,0.5998912748029356,63,0,0.0,29,0.4603174603174603,29,0.4603174603174603,34,0.5396825396825397
-86.1595,39.7705,3347,0,0.0,814,0.24320286824021511,814,0.24320286824021511,2533,0.7567971317597849,60,0,0.0,26,0.43333333333333335,26,0.43333333333333335,34,0.5666666666666667
-86.1595,39.771,39134,673,0.01719732202177135,25573,0.6534726835999387,26246,0.6706700056217101,12888,0.32932999437828997,432,14,0.032407407407407406,248,0.5740740740740741,262,0.6064814814814815,170,0.39351851851851855
-86.1595,39.7715,3233,55,0.017012063099288585,717,0.22177544076708938,772,0.23878750386637798,2461,0.7612124961336221,92,2,0.021739130434782608,28,0.30434782608695654,30,0.32608695652173914,62,0.6739130434782609
-86.1595,39.772,3832,0,0.0,1047,0.27322546972860123,1047,0.27322546972860123,2785,0.7267745302713987,65,0,0.0,22,0.3384615384615385,22,0.3384615384615385,43,0.6615384615384615
-86.1595,39.7725,23737,4100,0.1727261237730126,5492,0.23136874921009395,9592,0.40409487298310653,14145,0.5959051270168935,321,54,0.16822429906542055,94,0.29283489096573206,148,0.46105919003115264,173,0.5389408099688473
-86.1595,39.773,14814,553,0.037329553125421897,290,0.019576076684217632,843,0.05690562980963953,13971,0.9430943701903605,72,12,0.16666666666666666,9,0.125,21,0.2916666666666667,51,0.7083333333333334
-86.1595,39.7735,6826,1339,0.1961617345443891,1030,0.15089364195722238,2369,0.34705537650161145,4457,0.6529446234983886,135,22,0.16296296296296298,27,0.2,49,0.362962962962963,86,0.6370370370370371
-86.1595,39.774,11171,2413,0.21600572912004296,2201,0.19702801897771013,4614,0.41303374809775306,6557,0.5869662519022469,206,28,0.13592233009708737,42,0.20388349514563106,70,0.33980582524271846,136,0.6601941747572816
-86.1595,39.7745,2415,117,0.0484472049689441,126,0.05217391304347826,243,0.10062111801242235,2172,0.8993788819875776,56,7,0.125,7,0.125,14,0.25,42,0.75
-86.1595,39.775,12245,241,0.019681502654144548,8226,0.6717844017966517,8467,0.6914659044507963,3778,0.30853409554920375,96,6,0.0625,29,0.3020833333333333,35,0.3645833333333333,61,0.6354166666666666
-86.1595,39.7755,6094,189,0.031014112241549065,2737,0.4491302920905809,2926,0.48014440433212996,3168,0.51985559566787,70,5,0.07142857142857142,19,0.2714285714285714,24,0.34285714285714286,46,0.6571428571428571
-86.1595,39.776,1338,87,0.06502242152466367,335,0.25037369207772797,422,0.3153961136023916,916,0.6846038863976084,27,2,0.07407407407407407,8,0.2962962962962963,10,0.37037037037037035,17,0.6296296296296297
-86.1595,39.7765,3318,0,0.0,2118,0.6383363471971067,2118,0.6383363471971067,1200,0.3616636528028933,39,0,0.0,21,0.5384615384615384,21,0.5384615384615384,18,0.46153846153846156
-86.1595,39.777,1112,0,0.0,710,0.6384892086330936,710,0.6384892086330936,402,0.36151079136690645,25,0,0.0,13,0.52,13,0.52,12,0.48
-86.1595,39.7775,3348,0,0.0,2138,0.6385902031063322,2138,0.6385902031063322,1210,0.36140979689366787,35,0,0.0,16,0.45714285714285713,16,0.45714285714285713,19,0.5428571428571428
-86.159,39.7655,2350,0,0.0,1793,0.7629787234042553,1793,0.7629787234042553,557,0.23702127659574468,69,0,0.0,54,0.782608695652174,54,0.782608695652174,15,0.21739130434782608
-86.159,39.767,3057,412,0.1347726529277069,1598,0.5227347072293098,2010,0.6575073601570167,1047,0.34249263984298334,44,10,0.22727272727272727,24,0.5454545454545454,34,0.7727272727272727,10,0.22727272727272727
-86.159,39.7695,1203,134,0.1113881961762261,79,0.0656691604322527,213,0.1770573566084788,990,0.8229426433915212,31,4,0.12903225806451613,4,0.12903225806451613,8,0.25806451612903225,23,0.7419354838709677
-86.159,39.77,418,0,0.0,0,0.0,0,0.0,418,1.0,12,0,0.0,0,0.0,0,0.0,12,1.0
-86.159,39.771,2794,301,0.10773085182534002,1467,0.5250536864710093,1768,0.6327845382963493,1026,0.36721546170365066,78,11,0.14102564102564102,39,0.5,50,0.6410256410256411,28,0.358974358974359
-86.159,39.7725,10559,3428,0.324651955677621,678,0.06421062600625059,4106,0.3888625816838716,6453,0.6111374183161284,121,35,0.2892561983471074,16,0.1322314049586777,51,0.4214876033057851,70,0.5785123966942148
-86.159,39.774,1988,0,0.0,315,0.15845070422535212,315,0.15845070422535212,1673,0.8415492957746479,34,0,0.0,6,0.17647058823529413,6,0.17647058823529413,28,0.8235294117647058
-86.159,39.775,651,0,0.0,147,0.22580645161290322,147,0.22580645161290322,504,0.7741935483870968,15,0,0.0,4,0.26666666666666666,4,0.26666666666666666,11,0.7333333333333333
-86.159,39.7755,3710,9,0.002425876010781671,320,0.0862533692722372,329,0.08867924528301888,3381,0.9113207547169812,49,1,0.02040816326530612,9,0.1836734693877551,10,0.20408163265306123,39,0.7959183673469388
-86.159,39.776,60,0,0.0,16,0.26666666666666666,16,0.26666666666666666,44,0.7333333333333333,3,0,0.0,1,0.3333333333333333,1,0.3333333333333333,2,0.6666666666666666
-86.159,39.7765,484,0,0.0,375,0.7747933884297521,375,0.7747933884297521,109,0.22520661157024793,4,0,0.0,2,0.5,2,0.5,2,0.5
-86.159,39.777,242,0,0.0,101,0.41735537190082644,101,0.41735537190082644,141,0.5826446280991735,7,0,0.0,4,0.5714285714285714,4,0.5714285714285714,3,0.42857142857142855
-86.159,39.7775,1070,0,0.0,330,0.308411214953271,330,0.308411214953271,740,0.6915887850467289,17,0,0.0,7,0.4117647058823529,7,0.4117647058823529,10,0.5882352941176471
-86.1585,39.7655,3689,0,0.0,2860,0.7752778530767146,2860,0.7752778530767146,829,0.22472214692328543,84,0,0.0,69,0.8214285714285714,69,0.8214285714285714,15,0.17857142857142858
-86.1585,39.7665,15,0,0.0,15,1.0,15,1.0,0,0.0,1,0,0.0,1,1.0,1,1.0,0,0.0
-86.1585,39.767,1148,268,0.23344947735191637,762,0.6637630662020906,1030,0.8972125435540069,118,0.10278745644599303,23,5,0.21739130434782608,15,0.6521739130434783,20,0.8695652173913043,3,0.13043478260869565
-86.1585,39.768,2324,0,0.0,1365,0.5873493975903614,1365,0.5873493975903614,959,0.4126506024096386,15,0,0.0,5,0.3333333333333333,5,0.3333333333333333,10,0.6666666666666666
-86.1585,39.7685,1032,0,0.0,221,0.21414728682170542,221,0.21414728682170542,811,0.7858527131782945,15,0,0.0,5,0.3333333333333333,5,0.3333333333333333,10,0.6666666666666666
-86.1585,39.7695,1358,126,0.09278350515463918,46,0.033873343151693665,172,0.12665684830633284,1186,0.8733431516936672,32,3,0.09375,2,0.0625,5,0.15625,27,0.84375
-86.1585,39.77,49,0,0.0,0,0.0,0,0.0,49,1.0,3,0,0.0,0,0.0,0,0.0,3,1.0
-86.1585,39.771,2576,41,0.01591614906832298,1350,0.5240683229813664,1391,0.5399844720496894,1185,0.46001552795031053,60,3,0.05,29,0.48333333333333334,32,0.5333333333333333,28,0.4666666666666667
-86.1585,39.7725,2225,715,0.32134831460674157,37,0.01662921348314607,752,0.3379775280898876,1473,0.6620224719101123,52,16,0.3076923076923077,1,0.019230769230769232,17,0.3269230769230769,35,0.6730769230769231
-86.1585,39.774,1100,0,0.0,46,0.04181818181818182,46,0.04181818181818182,1054,0.9581818181818181,33,0,0.0,3,0.09090909090909091,3,0.09090909090909091,30,0.9090909090909091
-86.1585,39.775,964,0,0.0,67,0.06950207468879668,67,0.06950207468879668,897,0.9304979253112033,11,0,0.0,2,0.18181818181818182,2,0.18181818181818182,9,0.8181818181818182
-86.1585,39.7755,1226,0,0.0,227,0.18515497553017946,227,0.18515497553017946,999,0.8148450244698205,34,0,0.0,6,0.17647058823529413,6,0.17647058823529413,28,0.8235294117647058
-86.1585,39.7775,385,0,0.0,159,0.412987012987013,159,0.412987012987013,226,0.587012987012987,7,0,0.0,3,0.42857142857142855,3,0.42857142857142855,4,0.5714285714285714
-86.158,39.7655,9317,163,0.017494901792422454,6912,0.7418697005473865,7075,0.759364602339809,2242,0.24063539766019104,172,1,0.005813953488372093,135,0.7848837209302325,136,0.7906976744186046,36,0.20930232558139536
-86.158,39.766,1388,63,0.045389048991354465,1075,0.7744956772334294,1138,0.8198847262247838,250,0.18011527377521613,24,1,0.041666666666666664,16,0.6666666666666666,17,0.7083333333333334,7,0.2916666666666667
-86.158,39.7665,2144,102,0.04757462686567164,1408,0.6567164179104478,1510,0.7042910447761194,634,0.2957089552238806,39,3,0.07692307692307693,25,0.6410256410256411,28,0.717948717948718,11,0.28205128205128205
-86.158,39.767,10598,2082,0.1964521607850538,6327,0.5969994338554444,8409,0.7934515946404982,2189,0.20654840535950178,61,10,0.16393442622950818,38,0.6229508196721312,48,0.7868852459016393,13,0.21311475409836064
-86.158,39.7675,3102,254,0.08188265635074146,1837,0.5921985815602837,2091,0.6740812379110251,1011,0.32591876208897486,30,3,0.1,15,0.5,18,0.6,12,0.4
-86.158,39.768,728,0,0.0,303,0.41620879120879123,303,0.41620879120879123,425,0.5837912087912088,9,0,0.0,4,0.4444444444444444,4,0.4444444444444444,5,0.5555555555555556
-86.158,39.7685,394,0,0.0,55,0.13959390862944163,55,0.13959390862944163,339,0.8604060913705583,12,0,0.0,2,0.16666666666666666,2,0.16666666666666666,10,0.8333333333333334
-86.158,39.769,2020,0,0.0,237,0.11732673267326732,237,0.11732673267326732,1783,0.8826732673267327,22,0,0.0,4,0.18181818181818182,4,0.18181818181818182,18,0.8181818181818182
-86.158,39.7695,3616,131,0.03622787610619469,604,0.1670353982300885,735,0.2032632743362832,2881,0.7967367256637168,52,3,0.057692307692307696,4,0.07692307692307693,7,0.1346153846153846,45,0.8653846153846154
-86.158,39.77,3101,3,0.0009674298613350532,46,0.014833924540470816,49,0.01580135440180587,3052,0.9841986455981941,31,1,0.03225806451612903,2,0.06451612903225806,3,0.0967741935483871,28,0.9032258064516129
-86.158,39.7705,719,23,0.031988873435326845,1,0.0013908205841446453,24,0.03337969401947149,695,0.9666203059805285,21,1,0.047619047619047616,1,0.047619047619047616,2,0.09523809523809523,19,0.9047619047619048
-86.158,39.771,6050,8,0.001322314049586777,1710,0.28264462809917357,1718,0.28396694214876034,4332,0.7160330578512397,109,1,0.009174311926605505,44,0.4036697247706422,45,0.41284403669724773,64,0.5871559633027523
-86.158,39.7715,49,0,0.0,0,0.0,0,0.0,49,1.0,2,0,0.0,0,0.0,0,0.0,2,1.0
-86.158,39.7725,2628,734,0.2792998477929985,55,0.020928462709284626,789,0.3002283105022831,1839,0.6997716894977168,58,14,0.2413793103448276,2,0.034482758620689655,16,0.27586206896551724,42,0.7241379310344828
-86.158,39.774,1080,14,0.012962962962962963,91,0.08425925925925926,105,0.09722222222222222,975,0.9027777777777778,35,2,0.05714285714285714,3,0.08571428571428572,5,0.14285714285714285,30,0.8571428571428571
-86.158,39.775,3376,0,0.0,1514,0.4484597156398104,1514,0.4484597156398104,1862,0.5515402843601895,24,0,0.0,8,0.3333333333333333,8,0.3333333333333333,16,0.6666666666666666
-86.158,39.7755,1129,0,0.0,383,0.3392382639503986,383,0.3392382639503986,746,0.6607617360496014,27,0,0.0,4,0.14814814814814814,4,0.14814814814814814,23,0.8518518518518519
-86.158,39.7775,597,0,0.0,226,0.3785594639865997,226,0.3785594639865997,371,0.6214405360134003,22,0,0.0,5,0.22727272727272727,5,0.22727272727272727,17,0.7727272727272727
-86.158,39.778,2,0,0.0,0,0.0,0,0.0,2,1.0,1,0,0.0,0,0.0,0,0.0,1,1.0
-86.1575,39.7655,864,0,0.0,380,0.4398148148148148,380,0.4398148148148148,484,0.5601851851851852,21,0,0.0,10,0.47619047619047616,10,0.47619047619047616,11,0.5238095238095238
-86.1575,39.7665,829,0,0.0,513,0.6188178528347407,513,0.6188178528347407,316,0.38118214716525933,10,0,0.0,7,0.7,7,0.7,3,0.3
-86.1575,39.767,51572,22439,0.4351004421003645,8953,0.17360195454898006,31392,0.6087023966493446,20180,0.3912976033506554,130,20,0.15384615384615385,71,0.5461538461538461,91,0.7,39,0.3
-86.1575,39.7675,2762,29,0.010499637943519189,1375,0.49782766111513393,1404,0.5083272990586531,1358,0.49167270094134685,16,1,0.0625,9,0.5625,10,0.625,6,0.375
-86.1575,39.768,591,53,0.08967851099830795,366,0.6192893401015228,419,0.7089678510998307,172,0.2910321489001692,14,1,0.07142857142857142,9,0.6428571428571429,10,0.7142857142857143,4,0.2857142857142857
-86.1575,39.7685,359,0,0.0,222,0.6183844011142061,222,0.6183844011142061,137,0.3816155988857939,10,0,0.0,6,0.6,6,0.6,4,0.4
-86.1575,39.769,749,0,0.0,633,0.8451268357810414,633,0.8451268357810414,116,0.1548731642189586,9,0,0.0,7,0.7777777777777778,7,0.7777777777777778,2,0.2222222222222222
-86.1575,39.7695,2218,74,0.033363390441839495,838,0.37781785392245265,912,0.41118124436429215,1306,0.5888187556357078,35,3,0.08571428571428572,6,0.17142857142857143,9,0.2571428571428571,26,0.7428571428571429
-86.1575,39.77,398,0,0.0,230,0.5778894472361809,230,0.5778894472361809,168,0.4221105527638191,12,0,0.0,7,0.5833333333333334,7,0.5833333333333334,5,0.4166666666666667
-86.1575,39.7705,989,4,0.004044489383215369,364,0.36804853387259856,368,0.37209302325581395,621,0.627906976744186,16,1,0.0625,5,0.3125,6,0.375,10,0.625
-86.1575,39.771,5555,41,0.007380738073807381,979,0.17623762376237623,1020,0.1836183618361836,4535,0.8163816381638164,121,1,0.008264462809917356,46,0.38016528925619836,47,0.3884297520661157,74,0.6115702479338843
-86.1575,39.7715,3575,97,0.027132867132867132,1754,0.4906293706293706,1851,0.5177622377622377,1724,0.4822377622377622,112,2,0.017857142857142856,70,0.625,72,0.6428571428571429,40,0.35714285714285715
-86.1575,39.772,3773,40,0.010601643254704479,1445,0.38298436257619933,1485,0.3935860058309038,2288,0.6064139941690962,62,1,0.016129032258064516,26,0.41935483870967744,27,0.43548387096774194,35,0.5645161290322581
-86.1575,39.7725,16660,1364,0.08187274909963986,1897,0.11386554621848739,3261,0.19573829531812725,13399,0.8042617046818727,131,12,0.0916030534351145,25,0.19083969465648856,37,0.2824427480916031,94,0.7175572519083969
-86.1575,39.773,1352,32,0.023668639053254437,54,0.03994082840236687,86,0.06360946745562131,1266,0.9363905325443787,34,3,0.08823529411764706,4,0.11764705882352941,7,0.20588235294117646,27,0.7941176470588235
-86.1575,39.7735,2705,156,0.05767097966728281,81,0.029944547134935304,237,0.08761552680221811,2468,0.9123844731977819,48,4,0.08333333333333333,4,0.08333333333333333,8,0.16666666666666666,40,0.8333333333333334
-86.1575,39.774,6452,223,0.034562926224426534,307,0.047582145071295726,530,0.08214507129572227,5922,0.9178549287042778,94,11,0.11702127659574468,5,0.05319148936170213,16,0.1702127659574468,78,0.8297872340425532
-86.1575,39.7745,2400,94,0.03916666666666667,188,0.07833333333333334,282,0.11750000000000001,2118,0.8825,44,5,0.11363636363636363,3,0.06818181818181818,8,0.18181818181818182,36,0.8181818181818182
-86.1575,39.775,5120,25,0.0048828125,947,0.1849609375,972,0.18984375,4148,0.81015625,64,2,0.03125,16,0.25,18,0.28125,46,0.71875
-86.1575,39.7755,1593,0,0.0,220,0.13810420590081607,220,0.13810420590081607,1373,0.8618957940991839,29,0,0.0,3,0.10344827586206896,3,0.10344827586206896,26,0.896551724137931
-86.1575,39.776,270,0,0.0,83,0.3074074074074074,83,0.3074074074074074,187,0.6925925925925925,6,0,0.0,2,0.3333333333333333,2,0.3333333333333333,4,0.6666666666666666
-86.1575,39.7765,294,0,0.0,77,0.2619047619047619,77,0.2619047619047619,217,0.7380952380952381,6,0,0.0,2,0.3333333333333333,2,0.3333333333333333,4,0.6666666666666666
-86.1575,39.777,457,0,0.0,220,0.4814004376367615,220,0.4814004376367615,237,0.5185995623632386,9,0,0.0,5,0.5555555555555556,5,0.5555555555555556,4,0.4444444444444444
-86.1575,39.7775,9558,0,0.0,2714,0.2839506172839506,2714,0.2839506172839506,6844,0.7160493827160493,55,0,0.0,11,0.2,11,0.2,44,0.8
-86.157,39.7655,754,0,0.0,433,0.5742705570291777,433,0.5742705570291777,321,0.42572944297082227,22,0,0.0,13,0.5909090909090909,13,0.5909090909090909,9,0.4090909090909091
-86.157,39.7665,74,31,0.4189189189189189,0,0.0,31,0.4189189189189189,43,0.581081081081081,2,1,0.5,0,0.0,1,0.5,1,0.5
-86.157,39.767,2756,278,0.10087082728592163,2038,0.739477503628447,2316,0.8403483309143687,440,0.15965166908563136,55,5,0.09090909090909091,37,0.6727272727272727,42,0.7636363636363637,13,0.23636363636363636
-86.157,39.768,785,93,0.11847133757961784,464,0.5910828025477707,557,0.7095541401273885,228,0.29044585987261146,12,1,0.08333333333333333,8,0.6666666666666666,9,0.75,3,0.25
-86.157,39.7685,6551,27,0.004121508166692108,4343,0.6629522210349565,4370,0.6670737292016486,2181,0.3329262707983514,22,1,0.045454545454545456,14,0.6363636363636364,15,0.6818181818181818,7,0.3181818181818182
-86.157,39.769,10,0,0.0,10,1.0,10,1.0,0,0.0,2,0,0.0,2,1.0,2,1.0,0,0.0
-86.157,39.7695,676,0,0.0,72,0.10650887573964497,72,0.10650887573964497,604,0.893491124260355,25,0,0.0,3,0.12,3,0.12,22,0.88
-86.157,39.771,4431,0,0.0,7,0.001579778830963665,7,0.001579778830963665,4424,0.9984202211690363,42,0,0.0,2,0.047619047619047616,2,0.047619047619047616,40,0.9523809523809523
-86.157,39.7725,2397,0,0.0,0,0.0,0,0.0,2397,1.0,14,0,0.0,0,0.0,0,0.0,14,1.0
-86.157,39.774,1899,301,0.15850447604002108,64,0.03370194839389152,365,0.1922064244339126,1534,0.8077935755660874,32,8,0.25,1,0.03125,9,0.28125,23,0.71875
-86.157,39.775,2034,0,0.0,296,0.1455260570304818,296,0.1455260570304818,1738,0.8544739429695182,30,0,0.0,8,0.26666666666666666,8,0.26666666666666666,22,0.7333333333333333
-86.157,39.7755,975,0,0.0,0,0.0,0,0.0,975,1.0,16,0,0.0,0,0.0,0,0.0,16,1.0
-86.157,39.7775,1006,0,0.0,0,0.0,0,0.0,1006,1.0,8,0,0.0,0,0.0,0,0.0,8,1.0
-86.1565,39.7655,2960,0,0.0,2383,0.8050675675675676,2383,0.8050675675675676,577,0.19493243243243244,34,0,0.0,28,0.8235294117647058,28,0.8235294117647058,6,0.17647058823529413
-86.1565,39.7665,279,65,0.23297491039426524,156,0.5591397849462365,221,0.7921146953405017,58,0.2078853046594982,4,1,0.25,2,0.5,3,0.75,1,0.25
-86.1565,39.767,1352,246,0.1819526627218935,729,0.5392011834319527,975,0.7211538461538461,377,0.27884615384615385,36,5,0.1388888888888889,20,0.5555555555555556,25,0.6944444444444444,11,0.3055555555555556
-86.1565,39.768,804,0,0.0,804,1.0,804,1.0,0,0.0,2,0,0.0,2,1.0,2,1.0,0,0.0
-86.1565,39.7685,1127,0,0.0,946,0.839396628216504,946,0.839396628216504,181,0.160603371783496,8,0,0.0,4,0.5,4,0.5,4,0.5
-86.1565,39.7695,914,0,0.0,103,0.11269146608315099,103,0.11269146608315099,811,0.887308533916849,22,0,0.0,3,0.13636363636363635,3,0.13636363636363635,19,0.8636363636363636
-86.1565,39.771,3228,0,0.0,161,0.04987608426270136,161,0.04987608426270136,3067,0.9501239157372986,32,0,0.0,2,0.0625,2,0.0625,30,0.9375
-86.1565,39.7725,605,0,0.0,0,0.0,0,0.0,605,1.0,11,0,0.0,0,0.0,0,0.0,11,1.0
-86.1565,39.774,1288,319,0.24767080745341616,44,0.034161490683229816,363,0.28183229813664595,925,0.718167701863354,34,9,0.2647058823529412,1,0.029411764705882353,10,0.29411764705882354,24,0.7058823529411765
-86.1565,39.775,1941,0,0.0,691,0.35600206079340546,691,0.35600206079340546,1250,0.6439979392065945,38,0,0.0,13,0.34210526315789475,13,0.34210526315789475,25,0.6578947368421053
-86.1565,39.7755,266,0,0.0,0,0.0,0,0.0,266,1.0,12,0,0.0,0,0.0,0,0.0,12,1.0
-86.1565,39.7775,2034,0,0.0,0,0.0,0,0.0,2034,1.0,7,0,0.0,0,0.0,0,0.0,7,1.0
-86.156,39.7655,4805,729,0.15171696149843913,3634,0.7562955254942768,4363,0.908012486992716,442,0.09198751300728408,63,4,0.06349206349206349,42,0.6666666666666666,46,0.7301587301587301,17,0.2698412698412698
-86.156,39.766,4521,0,0.0,4303,0.9517805795178058,4303,0.9517805795178058,218,0.04821942048219421,28,0,0.0,17,0.6071428571428571,17,0.6071428571428571,11,0.39285714285714285
-86.156,39.7665,3214,93,0.02893590541381456,2641,0.8217174859987555,2734,0.85065339141257,480,0.14934660858742999,47,2,0.0425531914893617,26,0.5531914893617021,28,0.5957446808510638,19,0.40425531914893614
-86.156,39.767,4456,165,0.03702872531418312,2972,0.6669658886894075,3137,0.7039946140035906,1319,0.29600538599640935,66,4,0.06060606060606061,37,0.5606060606060606,41,0.6212121212121212,25,0.3787878787878788
-86.156,39.7675,1126,0,0.0,577,0.5124333925399644,577,0.5124333925399644,549,0.48756660746003555,23,0,0.0,11,0.4782608695652174,11,0.4782608695652174,12,0.5217391304347826
-86.156,39.768,28944,0,0.0,7171,0.24775428413488115,7171,0.24775428413488115,21773,0.7522457158651189,97,0,0.0,29,0.29896907216494845,29,0.29896907216494845,68,0.7010309278350515
-86.156,39.7685,2799,0,0.0,943,0.3369060378706681,943,0.3369060378706681,1856,0.6630939621293319,36,0,0.0,9,0.25,9,0.25,27,0.75
-86.156,39.769,1188,0,0.0,266,0.2239057239057239,266,0.2239057239057239,922,0.7760942760942761,27,0,0.0,8,0.2962962962962963,8,0.2962962962962963,19,0.7037037037037037
-86.156,39.7695,14191,1793,0.12634768515256148,1437,0.10126136283560003,3230,0.2276090479881615,10961,0.7723909520118385,73,6,0.0821917808219178,16,0.2191780821917808,22,0.3013698630136986,51,0.6986301369863014
-86.156,39.77,2593,0,0.0,508,0.19591207096027768,508,0.19591207096027768,2085,0.8040879290397224,32,0,0.0,7,0.21875,7,0.21875,25,0.78125
-86.156,39.7705,1078,0,0.0,151,0.14007421150278293,151,0.14007421150278293,927,0.859925788497217,20,0,0.0,2,0.1,2,0.1,18,0.9
-86.156,39.771,6132,0,0.0,513,0.08365949119373776,513,0.08365949119373776,5619,0.9163405088062623,54,0,0.0,3,0.05555555555555555,3,0.05555555555555555,51,0.9444444444444444
-86.156,39.7715,4436,0,0.0,232,0.05229936880072137,232,0.05229936880072137,4204,0.9477006311992786,31,0,0.0,2,0.06451612903225806,2,0.06451612903225806,29,0.9354838709677419
-86.156,39.772,1074,0,0.0,54,0.05027932960893855,54,0.05027932960893855,1020,0.9497206703910615,19,0,0.0,1,0.05263157894736842,1,0.05263157894736842,18,0.9473684210526315
-86.156,39.7725,6433,0,0.0,851,0.13228664697652728,851,0.13228664697652728,5582,0.8677133530234727,62,0,0.0,20,0.3225806451612903,20,0.3225806451612903,42,0.6774193548387096
-86.156,39.773,5641,35,0.006204573657152987,837,0.14837794717248715,872,0.15458252082964014,4769,0.8454174791703599,54,1,0.018518518518518517,12,0.2222222222222222,13,0.24074074074074073,41,0.7592592592592593
-86.156,39.7735,3762,114,0.030303030303030304,585,0.15550239234449761,699,0.18580542264752792,3063,0.8141945773524721,48,2,0.041666666666666664,9,0.1875,11,0.22916666666666666,37,0.7708333333333334
-86.156,39.774,10709,681,0.06359137174339341,1202,0.11224203940610701,1883,0.1758334111495004,8826,0.8241665888504995,110,12,0.10909090909090909,22,0.2,34,0.3090909090909091,76,0.6909090909090909
-86.156,39.7745,2476,119,0.048061389337641355,58,0.023424878836833602,177,0.07148626817447495,2299,0.928513731825525,27,2,0.07407407407407407,1,0.037037037037037035,3,0.1111111111111111,24,0.8888888888888888
-86.156,39.775,11196,69,0.006162915326902465,1495,0.13352983208288674,1564,0.1396927474097892,9632,0.8603072525902108,42,1,0.023809523809523808,14,0.3333333333333333,15,0.35714285714285715,27,0.6428571428571429
-86.156,39.7755,537,0,0.0,2,0.0037243947858473,2,0.0037243947858473,535,0.9962756052141527,10,0,0.0,1,0.1,1,0.1,9,0.9
-86.156,39.7775,2212,0,0.0,0,0.0,0,0.0,2212,1.0,10,0,0.0,0,0.0,0,0.0,10,1.0
-86.1555,39.7655,809,0,0.0,557,0.688504326328801,557,0.688504326328801,252,0.311495673671199,19,0,0.0,14,0.7368421052631579,14,0.7368421052631579,5,0.2631578947368421
-86.1555,39.7665,1668,339,0.20323741007194246,778,0.46642685851318944,1117,0.669664268585132,551,0.3303357314148681,25,7,0.28,11,0.44,18,0.72,7,0.28
-86.1555,39.767,4251,164,0.03857915784521289,3573,0.8405081157374735,3737,0.8790872735826865,514,0.12091272641731357,38,3,0.07894736842105263,25,0.6578947368421053,28,0.7368421052631579,10,0.2631578947368421
-86.1555,39.7695,1200,210,0.175,82,0.06833333333333333,292,0.24333333333333332,908,0.7566666666666667,28,6,0.21428571428571427,2,0.07142857142857142,8,0.2857142857142857,20,0.7142857142857143
-86.1555,39.771,2460,0,0.0,165,0.06707317073170732,165,0.06707317073170732,2295,0.9329268292682927,35,0,0.0,5,0.14285714285714285,5,0.14285714285714285,30,0.8571428571428571
-86.1555,39.7715,13,0,0.0,0,0.0,0,0.0,13,1.0,1,0,0.0,0,0.0,0,0.0,1,1.0
-86.1555,39.772,55,0,0.0,0,0.0,0,0.0,55,1.0,2,0,0.0,0,0.0,0,0.0,2,1.0
-86.1555,39.7725,2024,0,0.0,1220,0.6027667984189723,1220,0.6027667984189723,804,0.39723320158102765,38,0,0.0,25,0.6578947368421053,25,0.6578947368421053,13,0.34210526315789475
-86.1555,39.773,1861,0,0.0,134,0.07200429876410532,134,0.07200429876410532,1727,0.9279957012358947,20,0,0.0,3,0.15,3,0.15,17,0.85
-86.1555,39.7735,1448,0,0.0,131,0.09046961325966851,131,0.09046961325966851,1317,0.9095303867403315,20,0,0.0,2,0.1,2,0.1,18,0.9
-86.1555,39.774,7919,985,0.12438439196868291,661,0.08347013511807046,1646,0.20785452708675337,6273,0.7921454729132467,96,14,0.14583333333333334,8,0.08333333333333333,22,0.22916666666666666,74,0.7708333333333334
-86.1555,39.7745,3579,0,0.0,0,0.0,0,0.0,3579,1.0,29,0,0.0,0,0.0,0,0.0,29,1.0
-86.1555,39.775,19832,1421,0.07165187575635337,142,0.007160145219846713,1563,0.07881202097620009,18269,0.9211879790237999,91,10,0.10989010989010989,2,0.02197802197802198,12,0.13186813186813187,79,0.8681318681318682
-86.1555,39.7755,8633,10,0.0011583458820803893,54,0.006255067763234101,64,0.007413413645314491,8569,0.9925865863546856,35,1,0.02857142857142857,1,0.02857142857142857,2,0.05714285714285714,33,0.9428571428571428
-86.1555,39.776,3806,0,0.0,50,0.013137151865475564,50,0.013137151865475564,3756,0.9868628481345244,39,0,0.0,1,0.02564102564102564,1,0.02564102564102564,38,0.9743589743589743
-86.1555,39.7765,2822,0,0.0,49,0.017363571934798015,49,0.017363571934798015,2773,0.982636428065202,30,0,0.0,1,0.03333333333333333,1,0.03333333333333333,29,0.9666666666666667
-86.1555,39.777,1849,0,0.0,51,0.027582477014602487,51,0.027582477014602487,1798,0.9724175229853975,32,0,0.0,1,0.03125,1,0.03125,31,0.96875
-86.1555,39.7775,7991,0,0.0,228,0.028532098610937303,228,0.028532098610937303,7763,0.9714679013890627,101,0,0.0,4,0.039603960396039604,4,0.039603960396039604,97,0.9603960396039604
-86.155,39.7655,1471,0,0.0,993,0.6750509857239972,993,0.6750509857239972,478,0.3249490142760027,17,0,0.0,14,0.8235294117647058,14,0.8235294117647058,3,0.17647058823529413
-86.155,39.7665,1267,588,0.46408839779005523,375,0.2959747434885556,963,0.7600631412786109,304,0.23993685872138912,25,7,0.28,11,0.44,18,0.72,7,0.28
-86.155,39.767,997,0,0.0,683,0.6850551654964895,683,0.6850551654964895,314,0.3149448345035105,22,0,0.0,16,0.7272727272727273,16,0.7272727272727273,6,0.2727272727272727
-86.155,39.7695,1697,288,0.16971125515615793,85,0.05008839127872716,373,0.2197996464348851,1324,0.7802003535651149,33,9,0.2727272727272727,2,0.06060606060606061,11,0.3333333333333333,22,0.6666666666666666
-86.155,39.771,4328,0,0.0,468,0.10813308687615526,468,0.10813308687615526,3860,0.8918669131238447,35,0,0.0,7,0.2,7,0.2,28,0.8
-86.155,39.7725,1113,0,0.0,668,0.6001796945193172,668,0.6001796945193172,445,0.3998203054806828,24,0,0.0,15,0.625,15,0.625,9,0.375
-86.155,39.7735,23,23,1.0,0,0.0,23,1.0,0,0.0,1,1,1.0,0,0.0,1,1.0,0,0.0
-86.155,39.774,991,316,0.31886982845610495,0,0.0,316,0.31886982845610495,675,0.6811301715438951,31,11,0.3548387096774194,0,0.0,11,0.3548387096774194,20,0.6451612903225806
-86.155,39.775,11897,624,0.052450197528788774,85,0.0071446583172228295,709,0.0595948558460116,11188,0.9404051441539883,62,8,0.12903225806451613,2,0.03225806451612903,10,0.16129032258064516,52,0.8387096774193549
-86.155,39.7755,82,0,0.0,0,0.0,0,0.0,82,1.0,3,0,0.0,0,0.0,0,0.0,3,1.0
-86.155,39.7765,37,0,0.0,0,0.0,0,0.0,37,1.0,3,0,0.0,0,0.0,0,0.0,3,1.0
-86.155,39.7775,2699,0,0.0,0,0.0,0,0.0,2699,1.0,56,0,0.0,0,0.0,0,0.0,56,1.0
-86.1545,39.7655,7036,0,0.0,4867,0.6917282546901649,4867,0.6917282546901649,2169,0.30827174530983514,53,0,0.0,33,0.6226415094339622,33,0.6226415094339622,20,0.37735849056603776
-86.1545,39.766,9715,32,0.0032938754503345343,7497,0.7716932578486876,7529,0.7749871332990221,2186,0.22501286670097786,69,1,0.014492753623188406,47,0.6811594202898551,48,0.6956521739130435,21,0.30434782608695654
-86.1545,39.7665,4026,340,0.08445106805762544,2561,0.6361152508693493,2901,0.7205663189269748,1125,0.27943368107302535,52,5,0.09615384615384616,30,0.5769230769230769,35,0.6730769230769231,17,0.3269230769230769
-86.1545,39.767,5838,17,0.0029119561493662215,4669,0.7997601918465228,4686,0.802672147995889,1152,0.197327852004111,41,1,0.024390243902439025,24,0.5853658536585366,25,0.6097560975609756,16,0.3902439024390244
-86.1545,39.7675,99,0,0.0,19,0.1919191919191919,19,0.1919191919191919,80,0.8080808080808081,8,0,0.0,3,0.375,3,0.375,5,0.625
-86.1545,39.7685,5,0,0.0,0,0.0,0,0.0,5,1.0,1,0,0.0,0,0.0,0,0.0,1,1.0
-86.1545,39.769,91,0,0.0,0,0.0,0,0.0,91,1.0,2,0,0.0,0,0.0,0,0.0,2,1.0
-86.1545,39.7695,6861,3016,0.43958606617111207,566,0.0824952630811835,3582,0.5220813292522956,3279,0.47791867074770444,74,25,0.33783783783783783,10,0.13513513513513514,35,0.47297297297297297,39,0.527027027027027
-86.1545,39.771,9123,0,0.0,399,0.043735613285103586,399,0.043735613285103586,8724,0.9562643867148964,56,0,0.0,5,0.08928571428571429,5,0.08928571428571429,51,0.9107142857142857
-86.1545,39.7725,3665,0,0.0,1203,0.32824010914051843,1203,0.32824010914051843,2462,0.6717598908594816,27,0,0.0,14,0.5185185185185185,14,0.5185185185185185,13,0.48148148148148145
-86.1545,39.7735,63,63,1.0,0,0.0,63,1.0,0,0.0,2,2,1.0,0,0.0,2,1.0,0,0.0
-86.1545,39.774,3834,369,0.09624413145539906,0,0.0,369,0.09624413145539906,3465,0.903755868544601,31,11,0.3548387096774194,0,0.0,11,0.3548387096774194,20,0.6451612903225806
-86.1545,39.7745,157,37,0.2356687898089172,0,0.0,37,0.2356687898089172,120,0.7643312101910829,2,1,0.5,0,0.0,1,0.5,1,0.5
-86.1545,39.775,6368,361,0.05668969849246231,82,0.012876884422110553,443,0.06956658291457286,5925,0.9304334170854272,73,10,0.136986301369863,2,0.0273972602739726,12,0.1643835616438356,61,0.8356164383561644
-86.1545,39.7755,859,0,0.0,0,0.0,0,0.0,859,1.0,6,0,0.0,0,0.0,0,0.0,6,1.0
-86.1545,39.7765,39,0,0.0,0,0.0,0,0.0,39,1.0,1,0,0.0,0,0.0,0,0.0,1,1.0
-86.1545,39.7775,2281,0,0.0,0,0.0,0,0.0,2281,1.0,27,0,0.0,0,0.0,0,0.0,27,1.0
-86.154,39.7655,433,0,0.0,290,0.6697459584295612,290,0.6697459584295612,143,0.3302540415704388,7,0,0.0,5,0.7142857142857143,5,0.7142857142857143,2,0.2857142857142857
-86.154,39.7665,1417,505,0.35638673253352154,138,0.09738884968242767,643,0.4537755822159492,774,0.5462244177840508,18,6,0.3333333333333333,3,0.16666666666666666,9,0.5,9,0.5
-86.154,39.767,11984,3851,0.32134512683578104,1321,0.11023030707610147,5172,0.4315754339118825,6812,0.5684245660881175,60,14,0.23333333333333334,24,0.4,38,0.6333333333333333,22,0.36666666666666664
-86.154,39.7675,2459,239,0.09719398129320862,868,0.3529890199267995,1107,0.4501830012200081,1352,0.5498169987799919,30,4,0.13333333333333333,13,0.43333333333333335,17,0.5666666666666667,13,0.43333333333333335
-86.154,39.768,2625,230,0.08761904761904762,761,0.2899047619047619,991,0.3775238095238095,1634,0.6224761904761905,37,4,0.10810810810810811,16,0.43243243243243246,20,0.5405405405405406,17,0.4594594594594595
-86.154,39.7685,3213,211,0.06567071272953626,1084,0.3373793962029256,1295,0.40305010893246185,1918,0.5969498910675382,32,4,0.125,11,0.34375,15,0.46875,17,0.53125
-86.154,39.769,4809,238,0.049490538573508006,1411,0.29340819297151177,1649,0.34289873154501976,3160,0.6571012684549803,62,7,0.11290322580645161,18,0.2903225806451613,25,0.4032258064516129,37,0.5967741935483871
-86.154,39.7695,22572,11940,0.5289739500265817,1355,0.0600301258195995,13295,0.5890040758461812,9277,0.4109959241538189,235,92,0.39148936170212767,32,0.13617021276595745,124,0.5276595744680851,111,0.4723404255319149
-86.154,39.77,4654,2331,0.5008594757198109,707,0.1519123334765793,3038,0.6527718091963902,1616,0.3472281908036098,126,60,0.47619047619047616,17,0.1349206349206349,77,0.6111111111111112,49,0.3888888888888889
-86.154,39.7705,4936,2354,0.476904376012966,963,0.19509724473257697,3317,0.6720016207455429,1619,0.3279983792544571,134,66,0.4925373134328358,23,0.17164179104477612,89,0.664179104477612,45,0.3358208955223881
-86.154,39.771,8575,3221,0.3756268221574344,979,0.11416909620991254,4200,0.489795918367347,4375,0.5102040816326531,138,60,0.43478260869565216,16,0.11594202898550725,76,0.5507246376811594,62,0.4492753623188406
-86.154,39.7715,2543,987,0.3881242626818718,333,0.13094769956744004,1320,0.5190719622493118,1223,0.48092803775068815,52,25,0.4807692307692308,5,0.09615384615384616,30,0.5769230769230769,22,0.4230769230769231
-86.154,39.772,4270,505,0.11826697892271663,308,0.07213114754098361,813,0.19039812646370025,3457,0.8096018735362998,65,15,0.23076923076923078,5,0.07692307692307693,20,0.3076923076923077,45,0.6923076923076923
-86.154,39.7725,9991,44,0.00440396356721049,4230,0.42338104293864476,4274,0.42778500650585527,5717,0.5722149934941447,97,1,0.010309278350515464,47,0.4845360824742268,48,0.4948453608247423,49,0.5051546391752577
-86.154,39.773,3165,0,0.0,1125,0.35545023696682465,1125,0.35545023696682465,2040,0.6445497630331753,66,0,0.0,26,0.3939393939393939,26,0.3939393939393939,40,0.6060606060606061
-86.154,39.7735,7006,310,0.04424778761061947,1617,0.2308021695689409,1927,0.2750499571795604,5079,0.7249500428204396,89,4,0.0449438202247191,34,0.38202247191011235,38,0.42696629213483145,51,0.5730337078651685
-86.154,39.774,4286,1276,0.29771348576761547,560,0.13065795613625758,1836,0.42837144190387305,2450,0.5716285580961269,81,14,0.1728395061728395,16,0.19753086419753085,30,0.37037037037037035,51,0.6296296296296297
-86.154,39.7745,2477,157,0.06338312474767864,335,0.13524424707307225,492,0.1986273718207509,1985,0.8013726281792491,46,3,0.06521739130434782,9,0.1956521739130435,12,0.2608695652173913,34,0.7391304347826086
-86.154,39.775,8410,715,0.0850178359096314,338,0.04019024970273484,1053,0.12520808561236624,7357,0.8747919143876338,69,8,0.11594202898550725,5,0.07246376811594203,13,0.18840579710144928,56,0.8115942028985508
-86.154,39.7755,1327,116,0.08741522230595328,54,0.04069329314242653,170,0.1281085154483798,1157,0.8718914845516202,24,3,0.125,1,0.041666666666666664,4,0.16666666666666666,20,0.8333333333333334
-86.154,39.776,1228,191,0.15553745928338764,51,0.041530944625407164,242,0.1970684039087948,986,0.8029315960912052,19,3,0.15789473684210525,3,0.15789473684210525,6,0.3157894736842105,13,0.6842105263157895
-86.154,39.7765,4490,245,0.05456570155902005,56,0.012472160356347439,301,0.06703786191536748,4189,0.9329621380846325,45,4,0.08888888888888889,1,0.022222222222222223,5,0.1111111111111111,40,0.8888888888888888
-86.154,39.777,734,46,0.06267029972752043,0,0.0,46,0.06267029972752043,688,0.9373297002724795,15,1,0.06666666666666667,0,0.0,1,0.06666666666666667,14,0.9333333333333333
-86.154,39.7775,2140,51,0.02383177570093458,0,0.0,51,0.02383177570093458,2089,0.9761682242990655,41,2,0.04878048780487805,0,0.0,2,0.04878048780487805,39,0.9512195121951219
-86.1535,39.7655,440,0,0.0,261,0.5931818181818181,261,0.5931818181818181,179,0.4068181818181818,7,0,0.0,5,0.7142857142857143,5,0.7142857142857143,2,0.2857142857142857
-86.1535,39.7665,9638,5799,0.6016808466486823,1702,0.17659265407760946,7501,0.7782735007262918,2137,0.22172649927370824,35,12,0.34285714285714286,5,0.14285714285714285,17,0.4857142857142857,18,0.5142857142857142
-86.1535,39.767,1925,230,0.11948051948051948,629,0.32675324675324674,859,0.4462337662337662,1066,0.5537662337662338,31,8,0.25806451612903225,8,0.25806451612903225,16,0.5161290322580645,15,0.4838709677419355
-86.1535,39.7695,3574,2397,0.6706771124790151,621,0.17375489647453835,3018,0.8444320089535534,556,0.15556799104644656,58,27,0.46551724137931033,17,0.29310344827586204,44,0.7586206896551724,14,0.2413793103448276
-86.1535,39.771,2786,560,0.20100502512562815,522,0.1873653984206748,1082,0.3883704235463029,1704,0.6116295764536971,82,21,0.25609756097560976,15,0.18292682926829268,36,0.43902439024390244,46,0.5609756097560976
-86.1535,39.7725,498,45,0.09036144578313253,43,0.08634538152610442,88,0.17670682730923695,410,0.8232931726907631,19,1,0.05263157894736842,2,0.10526315789473684,3,0.15789473684210525,16,0.8421052631578947
-86.1535,39.7735,604,179,0.29635761589403975,0,0.0,179,0.29635761589403975,425,0.7036423841059603,10,5,0.5,0,0.0,5,0.5,5,0.5
-86.1535,39.774,1619,827,0.5108091414453366,0,0.0,827,0.5108091414453366,792,0.4891908585546634,24,13,0.5416666666666666,0,0.0,13,0.5416666666666666,11,0.4583333333333333
-86.1535,39.775,2509,251,0.10003985651654046,0,0.0,251,0.10003985651654046,2258,0.8999601434834595,25,3,0.12,0,0.0,3,0.12,22,0.88
-86.1535,39.777,106,16,0.1509433962264151,0,0.0,16,0.1509433962264151,90,0.8490566037735849,4,1,0.25,0,0.0,1,0.25,3,0.75
-86.1535,39.7775,8070,618,0.07657992565055761,0,0.0,618,0.07657992565055761,7452,0.9234200743494424,60,5,0.08333333333333333,0,0.0,5,0.08333333333333333,55,0.9166666666666666
-86.153,39.7655,430,0,0.0,266,0.6186046511627907,266,0.6186046511627907,164,0.3813953488372093,7,0,0.0,5,0.7142857142857143,5,0.7142857142857143,2,0.2857142857142857
-86.153,39.7665,6940,4515,0.6505763688760807,641,0.09236311239193083,5156,0.7429394812680116,1784,0.2570605187319885,46,17,0.3695652173913043,5,0.10869565217391304,22,0.4782608695652174,24,0.5217391304347826
-86.153,39.767,1645,367,0.2231003039513678,138,0.08389057750759879,505,0.3069908814589666,1140,0.6930091185410334,27,6,0.2222222222222222,2,0.07407407407407407,8,0.2962962962962963,19,0.7037037037037037
-86.153,39.7695,2162,922,0.42645698427382056,692,0.32007400555041626,1614,0.7465309898242368,548,0.2534690101757632,49,22,0.4489795918367347,14,0.2857142857142857,36,0.7346938775510204,13,0.2653061224489796
-86.153,39.771,2708,301,0.11115214180206795,534,0.19719350073855244,835,0.30834564254062036,1873,0.6916543574593796,59,9,0.15254237288135594,8,0.13559322033898305,17,0.288135593220339,42,0.711864406779661
-86.153,39.7725,645,0,0.0,39,0.06046511627906977,39,0.06046511627906977,606,0.9395348837209302,8,0,0.0,1,0.125,1,0.125,7,0.875
-86.153,39.7735,347,73,0.21037463976945245,0,0.0,73,0.21037463976945245,274,0.7896253602305475,10,3,0.3,0,0.0,3,0.3,7,0.7
-86.153,39.774,844,435,0.5154028436018957,0,0.0,435,0.5154028436018957,409,0.48459715639810425,27,13,0.48148148148148145,0,0.0,13,0.48148148148148145,14,0.5185185185185185
-86.153,39.775,4245,1084,0.25535924617196704,0,0.0,1084,0.25535924617196704,3161,0.744640753828033,35,5,0.14285714285714285,0,0.0,5,0.14285714285714285,30,0.8571428571428571
-86.153,39.7775,1988,160,0.08048289738430583,0,0.0,160,0.08048289738430583,1828,0.9195171026156942,29,6,0.20689655172413793,0,0.0,6,0.20689655172413793,23,0.7931034482758621
-86.1525,39.7655,10291,1627,0.15809931007676611,2571,0.24982994849868817,4198,0.40792925857545426,6093,0.5920707414245457,56,16,0.2857142857142857,15,0.26785714285714285,31,0.5535714285714286,25,0.44642857142857145
-86.1525,39.766,1640,660,0.4024390243902439,422,0.2573170731707317,1082,0.6597560975609756,558,0.3402439024390244,26,13,0.5,4,0.15384615384615385,17,0.6538461538461539,9,0.34615384615384615
-86.1525,39.7665,9108,1605,0.17621870882740448,2524,0.277119016249451,4129,0.4533377250768555,4979,0.5466622749231445,98,23,0.23469387755102042,16,0.16326530612244897,39,0.3979591836734694,59,0.6020408163265306
-86.1525,39.767,9862,962,0.09754613668627053,1014,0.10281890083147435,1976,0.20036503751774487,7886,0.7996349624822551,89,13,0.14606741573033707,8,0.0898876404494382,21,0.23595505617977527,68,0.7640449438202247
-86.1525,39.7675,3390,470,0.13864306784660768,448,0.13215339233038348,918,0.27079646017699116,2472,0.7292035398230089,93,11,0.11827956989247312,10,0.10752688172043011,21,0.22580645161290322,72,0.7741935483870968
-86.1525,39.768,4280,1110,0.25934579439252337,702,0.16401869158878504,1812,0.4233644859813084,2468,0.5766355140186916,108,22,0.2037037037037037,12,0.1111111111111111,34,0.3148148148148148,74,0.6851851851851852
-86.1525,39.7685,6271,2516,0.40121192792218147,522,0.08324031254983257,3038,0.484452240472014,3233,0.5155477595279859,81,30,0.37037037037037035,2,0.024691358024691357,32,0.3950617283950617,49,0.6049382716049383
-86.1525,39.769,2927,833,0.284591732148958,217,0.07413734198838401,1050,0.358729074137342,1877,0.641270925862658,59,18,0.3050847457627119,3,0.05084745762711865,21,0.3559322033898305,38,0.6440677966101694
-86.1525,39.7695,18014,5702,0.31653158654379926,1687,0.0936493838125902,7389,0.41018097035638945,10625,0.5898190296436105,329,120,0.364741641337386,31,0.09422492401215805,151,0.45896656534954405,178,0.541033434650456
-86.1525,39.77,10457,760,0.07267858850530745,1370,0.13101271875298842,2130,0.20369130725829587,8327,0.7963086927417041,127,9,0.07086614173228346,19,0.14960629921259844,28,0.2204724409448819,99,0.7795275590551181
-86.1525,39.7705,5904,0,0.0,1269,0.2149390243902439,1269,0.2149390243902439,4635,0.7850609756097561,129,0,0.0,24,0.18604651162790697,24,0.18604651162790697,105,0.813953488372093
-86.1525,39.771,14346,31,0.002160881081834658,1848,0.1288163948138854,1879,0.13097727589572006,12467,0.8690227241042799,202,4,0.019801980198019802,31,0.15346534653465346,35,0.17326732673267325,167,0.8267326732673267
-86.1525,39.7715,1919,0,0.0,47,0.024491922876498175,47,0.024491922876498175,1872,0.9755080771235018,52,0,0.0,1,0.019230769230769232,1,0.019230769230769232,51,0.9807692307692307
-86.1525,39.772,805,0,0.0,36,0.04472049689440994,36,0.04472049689440994,769,0.9552795031055901,27,0,0.0,1,0.037037037037037035,1,0.037037037037037035,26,0.9629629629629629
-86.1525,39.7725,4602,87,0.018904823989569754,118,0.02564102564102564,205,0.044545849630595394,4397,0.9554541503694046,37,1,0.02702702702702703,2,0.05405405405405406,3,0.08108108108108109,34,0.918918918918919
-86.1525,39.773,165,46,0.2787878787878788,19,0.11515151515151516,65,0.393939393939394,100,0.6060606060606061,8,2,0.25,1,0.125,3,0.375,5,0.625
-86.1525,39.7735,4489,213,0.047449320561372244,0,0.0,213,0.047449320561372244,4276,0.9525506794386278,27,6,0.2222222222222222,0,0.0,6,0.2222222222222222,21,0.7777777777777778
-86.1525,39.774,603,304,0.5041459369817579,0,0.0,304,0.5041459369817579,299,0.49585406301824214,24,11,0.4583333333333333,0,0.0,11,0.4583333333333333,13,0.5416666666666666
-86.1525,39.775,3090,528,0.170873786407767,0,0.0,528,0.170873786407767,2562,0.829126213592233,34,8,0.23529411764705882,0,0.0,8,0.23529411764705882,26,0.7647058823529411
-86.1525,39.7775,1666,284,0.17046818727490998,0,0.0,284,0.17046818727490998,1382,0.82953181272509,26,4,0.15384615384615385,0,0.0,4,0.15384615384615385,22,0.8461538461538461
-86.152,39.7655,1336,385,0.28817365269461076,429,0.32110778443113774,814,0.6092814371257484,522,0.3907185628742515,23,5,0.21739130434782608,12,0.5217391304347826,17,0.7391304347826086,6,0.2608695652173913
-86.152,39.766,216,83,0.38425925925925924,53,0.24537037037037038,136,0.6296296296296297,80,0.37037037037037035,19,6,0.3157894736842105,8,0.42105263157894735,14,0.7368421052631579,5,0.2631578947368421
-86.152,39.7665,2337,41,0.017543859649122806,294,0.1258023106546855,335,0.1433461703038083,2002,0.8566538296961917,14,1,0.07142857142857142,2,0.14285714285714285,3,0.21428571428571427,11,0.7857142857142857
-86.152,39.767,694,62,0.0893371757925072,101,0.14553314121037464,163,0.23487031700288186,531,0.7651296829971181,11,1,0.09090909090909091,2,0.18181818181818182,3,0.2727272727272727,8,0.7272727272727273
-86.152,39.768,785,200,0.25477707006369427,389,0.49554140127388535,589,0.7503184713375797,196,0.24968152866242038,6,2,0.3333333333333333,2,0.3333333333333333,4,0.6666666666666666,2,0.3333333333333333
-86.152,39.7695,7246,5648,0.7794645321556721,37,0.005106265525807342,5685,0.7845707976814795,1561,0.21542920231852056,59,34,0.576271186440678,1,0.01694915254237288,35,0.5932203389830508,24,0.4067796610169492
-86.152,39.77,27,27,1.0,0,0.0,27,1.0,0,0.0,1,1,1.0,0,0.0,1,1.0,0,0.0
-86.152,39.7705,18,0,0.0,0,0.0,0,0.0,18,1.0,1,0,0.0,0,0.0,0,0.0,1,1.0
-86.152,39.771,7010,0,0.0,2348,0.3349500713266762,2348,0.3349500713266762,4662,0.6650499286733238,75,0,0.0,17,0.22666666666666666,17,0.22666666666666666,58,0.7733333333333333
-86.152,39.7715,2706,0,0.0,791,0.2923133776792313,791,0.2923133776792313,1915,0.7076866223207686,67,0,0.0,8,0.11940298507462686,8,0.11940298507462686,59,0.8805970149253731
-86.152,39.772,3675,0,0.0,818,0.22258503401360544,818,0.22258503401360544,2857,0.7774149659863946,84,0,0.0,14,0.16666666666666666,14,0.16666666666666666,70,0.8333333333333334
-86.152,39.7725,12898,317,0.02457745386881687,3190,0.24732516669251048,3507,0.27190262056132736,9391,0.7280973794386727,144,9,0.0625,40,0.2777777777777778,49,0.3402777777777778,95,0.6597222222222222
-86.152,39.773,3783,523,0.13825006608511764,1045,0.27623579169970924,1568,0.4144858577848269,2215,0.5855141422151732,66,11,0.16666666666666666,14,0.21212121212121213,25,0.3787878787878788,41,0.6212121212121212
-86.152,39.7735,16586,4213,0.25400940552273,6770,0.4081755697576269,10983,0.6621849752803569,5603,0.3378150247196431,102,23,0.22549019607843138,24,0.23529411764705882,47,0.46078431372549017,55,0.5392156862745098
-86.152,39.774,13859,2108,0.1521033263583231,0,0.0,2108,0.1521033263583231,11751,0.8478966736416769,90,18,0.2,0,0.0,18,0.2,72,0.8
-86.152,39.7745,3047,1421,0.466360354446997,0,0.0,1421,0.466360354446997,1626,0.5336396455530029,47,15,0.3191489361702128,0,0.0,15,0.3191489361702128,32,0.6808510638297872
-86.152,39.775,7259,1271,0.17509298801487808,0,0.0,1271,0.17509298801487808,5988,0.824907011985122,103,26,0.2524271844660194,0,0.0,26,0.2524271844660194,77,0.7475728155339806
-86.152,39.7755,6457,2819,0.43658045531980794,0,0.0,2819,0.43658045531980794,3638,0.5634195446801921,63,36,0.5714285714285714,0,0.0,36,0.5714285714285714,27,0.42857142857142855
-86.152,39.776,1453,603,0.4150034411562285,0,0.0,603,0.4150034411562285,850,0.5849965588437716,18,6,0.3333333333333333,0,0.0,6,0.3333333333333333,12,0.6666666666666666
-86.152,39.7765,1368,568,0.4152046783625731,0,0.0,568,0.4152046783625731,800,0.5847953216374269,21,6,0.2857142857142857,0,0.0,6,0.2857142857142857,15,0.7142857142857143
-86.152,39.777,25165,17185,0.6828929068150209,0,0.0,17185,0.6828929068150209,7980,0.31710709318497915,93,32,0.34408602150537637,0,0.0,32,0.34408602150537637,61,0.6559139784946236
-86.152,39.7775,10469,3521,0.3363262966854523,0,0.0,3521,0.3363262966854523,6948,0.6636737033145477,46,10,0.21739130434782608,0,0.0,10,0.21739130434782608,36,0.782608695652174
-86.1515,39.7655,4,0,0.0,0,0.0,0,0.0,4,1.0,1,0,0.0,0,0.0,0,0.0,1,1.0
-86.1515,39.766,1317,291,0.22095671981776766,467,0.3545937737281701,758,0.5755504935459377,559,0.42444950645406226,29,6,0.20689655172413793,13,0.4482758620689655,19,0.6551724137931034,10,0.3448275862068966
-86.1515,39.7665,2968,251,0.08456873315363882,1833,0.6175876010781671,2084,0.7021563342318059,884,0.29784366576819404,39,8,0.20512820512820512,8,0.20512820512820512,16,0.41025641025641024,23,0.5897435897435898
-86.1515,39.767,207,51,0.2463768115942029,27,0.13043478260869565,78,0.37681159420289856,129,0.6231884057971014,8,1,0.125,2,0.25,3,0.375,5,0.625
-86.1515,39.768,281,54,0.19217081850533807,140,0.498220640569395,194,0.6903914590747331,87,0.3096085409252669,5,1,0.2,3,0.6,4,0.8,1,0.2
-86.1515,39.7695,3664,3010,0.8215065502183406,38,0.01037117903930131,3048,0.8318777292576419,616,0.16812227074235808,54,32,0.5925925925925926,1,0.018518518518518517,33,0.6111111111111112,21,0.3888888888888889
-86.1515,39.771,2032,0,0.0,621,0.30561023622047245,621,0.30561023622047245,1411,0.6943897637795275,52,0,0.0,13,0.25,13,0.25,39,0.75
-86.1515,39.7725,83,0,0.0,0,0.0,0,0.0,83,1.0,1,0,0.0,0,0.0,0,0.0,1,1.0
-86.1515,39.7735,3979,770,0.19351595878361397,2046,0.5141995476250314,2816,0.7077155064086453,1163,0.2922844935913546,61,11,0.18032786885245902,22,0.36065573770491804,33,0.5409836065573771,28,0.45901639344262296
-86.1515,39.774,288,42,0.14583333333333334,0,0.0,42,0.14583333333333334,246,0.8541666666666666,6,2,0.3333333333333333,0,0.0,2,0.3333333333333333,4,0.6666666666666666
-86.1515,39.775,2131,273,0.12810886907555138,0,0.0,273,0.12810886907555138,1858,0.8718911309244486,44,9,0.20454545454545456,0,0.0,9,0.20454545454545456,35,0.7954545454545454
-86.1515,39.7775,8540,3292,0.38548009367681496,0,0.0,3292,0.38548009367681496,5248,0.614519906323185,63,24,0.38095238095238093,0,0.0,24,0.38095238095238093,39,0.6190476190476191
-86.151,39.766,26,0,0.0,6,0.23076923076923078,6,0.23076923076923078,20,0.7692307692307693,5,0,0.0,2,0.4,2,0.4,3,0.6
-86.151,39.7665,10566,576,0.054514480408858604,1836,0.1737649063032368,2412,0.2282793867120954,8154,0.7717206132879046,85,14,0.16470588235294117,21,0.24705882352941178,35,0.4117647058823529,50,0.5882352941176471
-86.151,39.767,132,39,0.29545454545454547,0,0.0,39,0.29545454545454547,93,0.7045454545454546,4,1,0.25,0,0.0,1,0.25,3,0.75
-86.151,39.768,332,59,0.17771084337349397,166,0.5,225,0.677710843373494,107,0.32228915662650603,8,1,0.125,5,0.625,6,0.75,2,0.25
-86.151,39.7695,5752,4283,0.7446105702364395,54,0.009388038942976356,4337,0.7539986091794159,1415,0.24600139082058414,144,80,0.5555555555555556,4,0.027777777777777776,84,0.5833333333333334,60,0.4166666666666667
-86.151,39.771,2666,0,0.0,664,0.2490622655663916,664,0.2490622655663916,2002,0.7509377344336085,58,0,0.0,15,0.25862068965517243,15,0.25862068965517243,43,0.7413793103448276
-86.151,39.7725,81,0,0.0,0,0.0,0,0.0,81,1.0,1,0,0.0,0,0.0,0,0.0,1,1.0
-86.151,39.7735,4402,1246,0.28305315765561107,732,0.16628805088596094,1978,0.449341208541572,2424,0.550658791458428,64,13,0.203125,28,0.4375,41,0.640625,23,0.359375
-86.151,39.7745,33,33,1.0,0,0.0,33,1.0,0,0.0,1,1,1.0,0,0.0,1,1.0,0,0.0
-86.151,39.775,2024,473,0.23369565217391305,0,0.0,473,0.23369565217391305,1551,0.7663043478260869,48,15,0.3125,0,0.0,15,0.3125,33,0.6875
-86.151,39.7775,1805,0,0.0,0,0.0,0,0.0,1805,1.0,30,0,0.0,0,0.0,0,0.0,30,1.0
-86.1505,39.7665,6076,655,0.10780118499012509,600,0.09874917709019092,1255,0.20655036208031602,4821,0.793449637919684,98,6,0.061224489795918366,20,0.20408163265306123,26,0.2653061224489796,72,0.7346938775510204
-86.1505,39.767,3012,76,0.025232403718459494,503,0.16699867197875165,579,0.19223107569721115,2433,0.8077689243027888,45,3,0.06666666666666667,8,0.17777777777777778,11,0.24444444444444444,34,0.7555555555555555
-86.1505,39.7675,1933,0,0.0,419,0.21676151060527676,419,0.21676151060527676,1514,0.7832384893947232,31,0,0.0,7,0.22580645161290322,7,0.22580645161290322,24,0.7741935483870968
-86.1505,39.768,4499,389,0.08646365859079795,1067,0.2371638141809291,1456,0.32362747277172704,3043,0.6763725272282729,56,4,0.07142857142857142,11,0.19642857142857142,15,0.26785714285714285,41,0.7321428571428571
-86.1505,39.7685,4158,1215,0.2922077922077922,417,0.10028860028860029,1632,0.39249639249639245,2526,0.6075036075036075,45,6,0.13333333333333333,11,0.24444444444444444,17,0.37777777777777777,28,0.6222222222222222
-86.1505,39.769,6176,2643,0.42794689119170987,698,0.1130181347150259,3341,0.5409650259067358,2835,0.45903497409326427,61,12,0.19672131147540983,20,0.32786885245901637,32,0.5245901639344263,29,0.47540983606557374
-86.1505,39.7695,16738,7106,0.4245429561476879,2931,0.17511052694467677,10037,0.5996534830923647,6701,0.40034651690763534,192,80,0.4166666666666667,18,0.09375,98,0.5104166666666666,94,0.4895833333333333
-86.1505,39.77,3964,2433,0.613773965691221,265,0.06685166498486378,2698,0.6806256306760847,1266,0.3193743693239152,67,33,0.4925373134328358,4,0.05970149253731343,37,0.5522388059701493,30,0.44776119402985076
-86.1505,39.7705,5302,2684,0.5062240663900415,391,0.07374575631837042,3075,0.5799698227084119,2227,0.4200301772915881,62,23,0.3709677419354839,4,0.06451612903225806,27,0.43548387096774194,35,0.5645161290322581
-86.1505,39.771,19813,3262,0.16463937818603946,5972,0.30141826073789935,9234,0.4660576389239388,10579,0.5339423610760612,254,38,0.14960629921259844,65,0.2559055118110236,103,0.40551181102362205,151,0.594488188976378
-86.1505,39.7715,8755,2487,0.28406624785836665,1410,0.16105082809822957,3897,0.4451170759565962,4858,0.5548829240434038,117,37,0.3162393162393162,20,0.17094017094017094,57,0.48717948717948717,60,0.5128205128205128
-86.1505,39.772,9584,2349,0.24509599332220366,1211,0.12635642737896494,3560,0.3714524207011686,6024,0.6285475792988314,134,39,0.291044776119403,15,0.11194029850746269,54,0.40298507462686567,80,0.5970149253731343
-86.1505,39.7725,6516,1104,0.1694290976058932,634,0.09729895641497852,1738,0.26672805402087174,4778,0.7332719459791283,137,39,0.2846715328467153,10,0.072992700729927,49,0.35766423357664234,88,0.6423357664233577
-86.1505,39.773,10246,1093,0.10667577591255124,957,0.09340230333788796,2050,0.2000780792504392,8196,0.7999219207495608,152,23,0.1513157894736842,26,0.17105263157894737,49,0.3223684210526316,103,0.6776315789473685
-86.1505,39.7735,25661,5829,0.22715404699738903,4206,0.1639063169790733,10035,0.3910603639764623,15626,0.6089396360235376,252,49,0.19444444444444445,33,0.13095238095238096,82,0.3253968253968254,170,0.6746031746031746
-86.1505,39.774,4043,1253,0.3099183774424932,18,0.004452139500371012,1271,0.31437051694286416,2772,0.6856294830571358,55,18,0.32727272727272727,1,0.01818181818181818,19,0.34545454545454546,36,0.6545454545454545
-86.1505,39.7745,3025,1226,0.4052892561983471,0,0.0,1226,0.4052892561983471,1799,0.5947107438016529,53,25,0.4716981132075472,0,0.0,25,0.4716981132075472,28,0.5283018867924528
-86.1505,39.775,10023,2223,0.22178988326848248,0,0.0,2223,0.22178988326848248,7800,0.7782101167315175,121,28,0.23140495867768596,0,0.0,28,0.23140495867768596,93,0.768595041322314
-86.1505,39.7755,1534,420,0.2737940026075619,0,0.0,420,0.2737940026075619,1114,0.7262059973924381,45,11,0.24444444444444444,0,0.0,11,0.24444444444444444,34,0.7555555555555555
-86.1505,39.776,578,39,0.06747404844290658,0,0.0,39,0.06747404844290658,539,0.9325259515570934,17,3,0.17647058823529413,0,0.0,3,0.17647058823529413,14,0.8235294117647058
-86.1505,39.7765,121,0,0.0,0,0.0,0,0.0,121,1.0,2,0,0.0,0,0.0,0,0.0,2,1.0
-86.1505,39.7775,2089,0,0.0,0,0.0,0,0.0,2089,1.0,33,0,0.0,0,0.0,0,0.0,33,1.0
-86.15,39.7665,2862,0,0.0,1047,0.3658280922431866,1047,0.3658280922431866,1815,0.6341719077568134,46,0,0.0,10,0.21739130434782608,10,0.21739130434782608,36,0.782608695652174
-86.15,39.767,8,0,0.0,1,0.125,1,0.125,7,0.875,3,0,0.0,1,0.3333333333333333,1,0.3333333333333333,2,0.6666666666666666
-86.15,39.768,150,0,0.0,0,0.0,0,0.0,150,1.0,2,0,0.0,0,0.0,0,0.0,2,1.0
-86.15,39.7695,1017,297,0.2920353982300885,0,0.0,297,0.2920353982300885,720,0.7079646017699115,21,7,0.3333333333333333,0,0.0,7,0.3333333333333333,14,0.6666666666666666
-86.15,39.771,585,14,0.023931623931623933,0,0.0,14,0.023931623931623933,571,0.976068376068376,25,1,0.04,0,0.0,1,0.04,24,0.96
-86.15,39.772,38,0,0.0,0,0.0,0,0.0,38,1.0,1,0,0.0,0,0.0,0,0.0,1,1.0
-86.15,39.7725,71,17,0.23943661971830985,0,0.0,17,0.23943661971830985,54,0.7605633802816901,2,1,0.5,0,0.0,1,0.5,1,0.5
-86.15,39.773,53,53,1.0,0,0.0,53,1.0,0,0.0,1,1,1.0,0,0.0,1,1.0,0,0.0
-86.15,39.7735,1652,703,0.425544794188862,0,0.0,703,0.425544794188862,949,0.5744552058111381,26,12,0.46153846153846156,0,0.0,12,0.46153846153846156,14,0.5384615384615384
-86.15,39.774,57,57,1.0,0,0.0,57,1.0,0,0.0,1,1,1.0,0,0.0,1,1.0,0,0.0
-86.15,39.7745,385,114,0.2961038961038961,0,0.0,114,0.2961038961038961,271,0.7038961038961039,8,2,0.25,0,0.0,2,0.25,6,0.75
-86.15,39.775,3807,891,0.23404255319148937,0,0.0,891,0.23404255319148937,2916,0.7659574468085106,43,15,0.3488372093023256,0,0.0,15,0.3488372093023256,28,0.6511627906976745
-86.15,39.7755,1131,250,0.22104332449160036,0,0.0,250,0.22104332449160036,881,0.7789566755083996,33,5,0.15151515151515152,0,0.0,5,0.15151515151515152,28,0.8484848484848485
-86.15,39.776,3733,180,0.04821859094562014,0,0.0,180,0.04821859094562014,3553,0.9517814090543798,65,6,0.09230769230769231,0,0.0,6,0.09230769230769231,59,0.9076923076923077
-86.15,39.7765,3182,0,0.0,3,0.0009428032683846638,3,0.0009428032683846638,3179,0.9990571967316153,65,0,0.0,1,0.015384615384615385,1,0.015384615384615385,64,0.9846153846153847
-86.15,39.777,2688,0,0.0,39,0.014508928571428572,39,0.014508928571428572,2649,0.9854910714285714,82,0,0.0,2,0.024390243902439025,2,0.024390243902439025,80,0.975609756097561
-86.15,39.7775,5967,0,0.0,0,0.0,0,0.0,5967,1.0,71,0,0.0,0,0.0,0,0.0,71,1.0
-86.1495,39.7655,14,0,0.0,14,1.0,14,1.0,0,0.0,1,0,0.0,1,1.0,1,1.0,0,0.0
-86.1495,39.7665,2001,0,0.0,428,0.21389305347326337,428,0.21389305347326337,1573,0.7861069465267366,54,0,0.0,11,0.2037037037037037,11,0.2037037037037037,43,0.7962962962962963
-86.1495,39.768,112,0,0.0,0,0.0,0,0.0,112,1.0,3,0,0.0,0,0.0,0,0.0,3,1.0
-86.1495,39.7695,799,307,0.38423028785982477,0,0.0,307,0.38423028785982477,492,0.6157697121401752,19,7,0.3684210526315789,0,0.0,7,0.3684210526315789,12,0.631578947368421
-86.1495,39.771,601,8,0.013311148086522463,0,0.0,8,0.013311148086522463,593,0.9866888519134775,30,1,0.03333333333333333,0,0.0,1,0.03333333333333333,29,0.9666666666666667
-86.1495,39.772,52,0,0.0,0,0.0,0,0.0,52,1.0,1,0,0.0,0,0.0,0,0.0,1,1.0
-86.1495,39.7725,42,0,0.0,0,0.0,0,0.0,42,1.0,1,0,0.0,0,0.0,0,0.0,1,1.0
-86.1495,39.7735,923,657,0.7118093174431203,0,0.0,657,0.7118093174431203,266,0.28819068255687974,15,8,0.5333333333333333,0,0.0,8,0.5333333333333333,7,0.4666666666666667
-86.1495,39.775,870,97,0.11149425287356322,0,0.0,97,0.11149425287356322,773,0.8885057471264368,21,6,0.2857142857142857,0,0.0,6,0.2857142857142857,15,0.7142857142857143
-86.1495,39.7775,1056,36,0.03409090909090909,0,0.0,36,0.03409090909090909,1020,0.9659090909090909,24,1,0.041666666666666664,0,0.0,1,0.041666666666666664,23,0.9583333333333334
-86.149,39.7655,525,0,0.0,316,0.6019047619047619,316,0.6019047619047619,209,0.3980952380952381,10,0,0.0,5,0.5,5,0.5,5,0.5
-86.149,39.766,1138,0,0.0,433,0.3804920913884007,433,0.3804920913884007,705,0.6195079086115993,24,0,0.0,5,0.20833333333333334,5,0.20833333333333334,19,0.7916666666666666
-86.149,39.7665,4994,0,0.0,2193,0.43912695234281135,2193,0.43912695234281135,2801,0.5608730476571886,85,0,0.0,14,0.16470588235294117,14,0.16470588235294117,71,0.8352941176470589
-86.149,39.767,2638,0,0.0,0,0.0,0,0.0,2638,1.0,56,0,0.0,0,0.0,0,0.0,56,1.0
-86.149,39.7675,1681,25,0.0148720999405116,0,0.0,25,0.0148720999405116,1656,0.9851279000594884,42,1,0.023809523809523808,0,0.0,1,0.023809523809523808,41,0.9761904761904762
-86.149,39.768,5838,74,0.012675573826652964,0,0.0,74,0.012675573826652964,5764,0.987324426173347,60,3,0.05,0,0.0,3,0.05,57,0.95
-86.149,39.7685,3425,114,0.03328467153284671,0,0.0,114,0.03328467153284671,3311,0.9667153284671532,39,5,0.1282051282051282,0,0.0,5,0.1282051282051282,34,0.8717948717948718
-86.149,39.769,792,123,0.1553030303030303,0,0.0,123,0.1553030303030303,669,0.8446969696969697,15,2,0.13333333333333333,0,0.0,2,0.13333333333333333,13,0.8666666666666667
-86.149,39.7695,4214,819,0.19435215946843853,0,0.0,819,0.19435215946843853,3395,0.8056478405315615,50,11,0.22,0,0.0,11,0.22,39,0.78
-86.149,39.771,626,0,0.0,0,0.0,0,0.0,626,1.0,25,0,0.0,0,0.0,0,0.0,25,1.0
-86.149,39.772,146,0,0.0,0,0.0,0,0.0,146,1.0,1,0,0.0,0,0.0,0,0.0,1,1.0
-86.149,39.7735,756,547,0.7235449735449735,0,0.0,547,0.7235449735449735,209,0.27645502645502645,13,8,0.6153846153846154,0,0.0,8,0.6153846153846154,5,0.38461538461538464
-86.149,39.775,12497,0,0.0,0,0.0,0,0.0,12497,1.0,79,0,0.0,0,0.0,0,0.0,79,1.0
-86.149,39.7775,2623,41,0.015630956919557758,0,0.0,41,0.015630956919557758,2582,0.9843690430804423,20,1,0.05,0,0.0,1,0.05,19,0.95
-86.1485,39.766,17,0,0.0,0,0.0,0,0.0,17,1.0,1,0,0.0,0,0.0,0,0.0,1,1.0
-86.1485,39.7665,3518,0,0.0,1520,0.4320636725412166,1520,0.4320636725412166,1998,0.5679363274587834,15,0,0.0,6,0.4,6,0.4,9,0.6
-86.1485,39.768,1262,0,0.0,0,0.0,0,0.0,1262,1.0,25,0,0.0,0,0.0,0,0.0,25,1.0
-86.1485,39.7685,940,126,0.13404255319148936,0,0.0,126,0.13404255319148936,814,0.8659574468085106,30,5,0.16666666666666666,0,0.0,5,0.16666666666666666,25,0.8333333333333334
-86.1485,39.769,1846,256,0.13867822318526543,0,0.0,256,0.13867822318526543,1590,0.8613217768147345,36,5,0.1388888888888889,0,0.0,5,0.1388888888888889,31,0.8611111111111112
-86.1485,39.7695,9469,1519,0.160418206780019,0,0.0,1519,0.160418206780019,7950,0.8395817932199809,82,13,0.15853658536585366,0,0.0,13,0.15853658536585366,69,0.8414634146341463
-86.1485,39.77,3753,1486,0.39594990674127367,0,0.0,1486,0.39594990674127367,2267,0.6040500932587264,64,21,0.328125,0,0.0,21,0.328125,43,0.671875
-86.1485,39.7705,2268,483,0.21296296296296297,0,0.0,483,0.21296296296296297,1785,0.7870370370370371,34,15,0.4411764705882353,0,0.0,15,0.4411764705882353,19,0.5588235294117647
-86.1485,39.771,6335,778,0.12280978689818468,0,0.0,778,0.12280978689818468,5557,0.8771902131018153,68,17,0.25,0,0.0,17,0.25,51,0.75
-86.1485,39.7715,3354,778,0.2319618366129994,0,0.0,778,0.2319618366129994,2576,0.7680381633870006,39,8,0.20512820512820512,0,0.0,8,0.20512820512820512,31,0.7948717948717948
-86.1485,39.772,2644,387,0.14636913767019666,0,0.0,387,0.14636913767019666,2257,0.8536308623298033,45,8,0.17777777777777778,0,0.0,8,0.17777777777777778,37,0.8222222222222222
-86.1485,39.7725,3497,295,0.08435802116099514,0,0.0,295,0.08435802116099514,3202,0.9156419788390049,44,4,0.09090909090909091,0,0.0,4,0.09090909090909091,40,0.9090909090909091
-86.1485,39.773,4370,2086,0.47734553775743704,0,0.0,2086,0.47734553775743704,2284,0.522654462242563,43,3,0.06976744186046512,0,0.0,3,0.06976744186046512,40,0.9302325581395349
-86.1485,39.7735,7309,2350,0.32152141195786016,0,0.0,2350,0.32152141195786016,4959,0.6784785880421398,69,19,0.2753623188405797,0,0.0,19,0.2753623188405797,50,0.7246376811594203
-86.1485,39.774,8115,0,0.0,0,0.0,0,0.0,8115,1.0,61,0,0.0,0,0.0,0,0.0,61,1.0
-86.1485,39.7745,2274,34,0.014951627088830254,0,0.0,34,0.014951627088830254,2240,0.9850483729111698,32,1,0.03125,0,0.0,1,0.03125,31,0.96875
-86.1485,39.775,8825,246,0.027875354107648725,0,0.0,246,0.027875354107648725,8579,0.9721246458923513,55,2,0.03636363636363636,0,0.0,2,0.03636363636363636,53,0.9636363636363636
-86.1485,39.7755,2911,103,0.03538302988663689,0,0.0,103,0.03538302988663689,2808,0.9646169701133631,25,1,0.04,0,0.0,1,0.04,24,0.96
-86.1485,39.776,395,25,0.06329113924050633,0,0.0,25,0.06329113924050633,370,0.9367088607594937,12,1,0.08333333333333333,0,0.0,1,0.08333333333333333,11,0.9166666666666666
-86.1485,39.7765,526,0,0.0,0,0.0,0,0.0,526,1.0,10,0,0.0,0,0.0,0,0.0,10,1.0
-86.1485,39.777,881,0,0.0,0,0.0,0,0.0,881,1.0,10,0,0.0,0,0.0,0,0.0,10,1.0
-86.1485,39.7775,3946,201,0.050937658388241255,0,0.0,201,0.050937658388241255,3745,0.9490623416117587,29,4,0.13793103448275862,0,0.0,4,0.13793103448275862,25,0.8620689655172413
-86.148,39.7665,324,0,0.0,146,0.4506172839506173,146,0.4506172839506173,178,0.5493827160493827,8,0,0.0,4,0.5,4,0.5,4,0.5
-86.148,39.768,615,0,0.0,0,0.0,0,0.0,615,1.0,17,0,0.0,0,0.0,0,0.0,17,1.0
-86.148,39.7695,1776,455,0.2561936936936937,0,0.0,455,0.2561936936936937,1321,0.7438063063063063,22,2,0.09090909090909091,0,0.0,2,0.09090909090909091,20,0.9090909090909091
-86.148,39.771,525,52,0.09904761904761905,0,0.0,52,0.09904761904761905,473,0.900952380952381,33,6,0.18181818181818182,0,0.0,6,0.18181818181818182,27,0.8181818181818182
-86.148,39.772,234,79,0.33760683760683763,0,0.0,79,0.33760683760683763,155,0.6623931623931624,5,2,0.4,0,0.0,2,0.4,3,0.6
-86.148,39.7725,1241,87,0.07010475423045931,0,0.0,87,0.07010475423045931,1154,0.9298952457695407,19,2,0.10526315789473684,0,0.0,2,0.10526315789473684,17,0.8947368421052632
-86.148,39.773,61,0,0.0,0,0.0,0,0.0,61,1.0,1,0,0.0,0,0.0,0,0.0,1,1.0
-86.148,39.7735,2634,2076,0.7881548974943052,0,0.0,2076,0.7881548974943052,558,0.21184510250569477,36,22,0.6111111111111112,0,0.0,22,0.6111111111111112,14,0.3888888888888889
-86.148,39.775,1243,0,0.0,0,0.0,0,0.0,1243,1.0,22,0,0.0,0,0.0,0,0.0,22,1.0
-86.148,39.7755,501,478,0.9540918163672655,0,0.0,478,0.9540918163672655,23,0.04590818363273453,6,4,0.6666666666666666,0,0.0,4,0.6666666666666666,2,0.3333333333333333
-86.148,39.7775,1337,0,0.0,0,0.0,0,0.0,1337,1.0,11,0,0.0,0,0.0,0,0.0,11,1.0
-86.1475,39.7665,324,0,0.0,146,0.4506172839506173,146,0.4506172839506173,178,0.5493827160493827,8,0,0.0,4,0.5,4,0.5,4,0.5
-86.1475,39.768,643,0,0.0,0,0.0,0,0.0,643,1.0,17,0,0.0,0,0.0,0,0.0,17,1.0
-86.1475,39.7695,914,63,0.06892778993435449,0,0.0,63,0.06892778993435449,851,0.9310722100656456,15,2,0.13333333333333333,0,0.0,2,0.13333333333333333,13,0.8666666666666667
-86.1475,39.771,607,177,0.2915980230642504,0,0.0,177,0.2915980230642504,430,0.7084019769357496,29,6,0.20689655172413793,0,0.0,6,0.20689655172413793,23,0.7931034482758621
-86.1475,39.7715,53,36,0.6792452830188679,0,0.0,36,0.6792452830188679,17,0.32075471698113206,2,1,0.5,0,0.0,1,0.5,1,0.5
-86.1475,39.772,251,37,0.14741035856573706,0,0.0,37,0.14741035856573706,214,0.852589641434263,5,1,0.2,0,0.0,1,0.2,4,0.8
-86.1475,39.7725,1578,230,0.14575411913814956,0,0.0,230,0.14575411913814956,1348,0.8542458808618505,24,4,0.16666666666666666,0,0.0,4,0.16666666666666666,20,0.8333333333333334
-86.1475,39.773,27,0,0.0,0,0.0,0,0.0,27,1.0,1,0,0.0,0,0.0,0,0.0,1,1.0
-86.1475,39.7735,624,232,0.3717948717948718,0,0.0,232,0.3717948717948718,392,0.6282051282051282,19,8,0.42105263157894735,0,0.0,8,0.42105263157894735,11,0.5789473684210527
-86.1475,39.775,642,0,0.0,0,0.0,0,0.0,642,1.0,17,0,0.0,0,0.0,0,0.0,17,1.0
-86.1475,39.7755,95,78,0.8210526315789474,0,0.0,78,0.8210526315789474,17,0.17894736842105263,3,2,0.6666666666666666,0,0.0,2,0.6666666666666666,1,0.3333333333333333
-86.1475,39.776,44,22,0.5,0,0.0,22,0.5,22,0.5,2,1,0.5,0,0.0,1,0.5,1,0.5
-86.1475,39.7775,643,0,0.0,0,0.0,0,0.0,643,1.0,12,0,0.0,0,0.0,0,0.0,12,1.0
-86.147,39.7665,340,0,0.0,154,0.45294117647058824,154,0.45294117647058824,186,0.5470588235294118,8,0,0.0,4,0.5,4,0.5,4,0.5
-86.147,39.768,1252,0,0.0,0,0.0,0,0.0,1252,1.0,22,0,0.0,0,0.0,0,0.0,22,1.0
-86.147,39.7685,529,0,0.0,0,0.0,0,0.0,529,1.0,2,0,0.0,0,0.0,0,0.0,2,1.0
-86.147,39.7695,2063,84,0.0407174018419777,0,0.0,84,0.0407174018419777,1979,0.9592825981580223,24,3,0.125,0,0.0,3,0.125,21,0.875
-86.147,39.77,124,0,0.0,0,0.0,0,0.0,124,1.0,2,0,0.0,0,0.0,0,0.0,2,1.0
-86.147,39.7705,125,0,0.0,0,0.0,0,0.0,125,1.0,2,0,0.0,0,0.0,0,0.0,2,1.0
-86.147,39.771,650,77,0.11846153846153847,0,0.0,77,0.11846153846153847,573,0.8815384615384615,27,3,0.1111111111111111,0,0.0,3,0.1111111111111111,24,0.8888888888888888
-86.147,39.7715,153,79,0.5163398692810458,0,0.0,79,0.5163398692810458,74,0.48366013071895425,2,1,0.5,0,0.0,1,0.5,1,0.5
-86.147,39.772,1500,23,0.015333333333333332,0,0.0,23,0.015333333333333332,1477,0.9846666666666667,9,1,0.1111111111111111,0,0.0,1,0.1111111111111111,8,0.8888888888888888
-86.147,39.7725,2563,519,0.20249707374170894,0,0.0,519,0.20249707374170894,2044,0.7975029262582911,24,4,0.16666666666666666,0,0.0,4,0.16666666666666666,20,0.8333333333333334
-86.147,39.7735,1284,309,0.24065420560747663,0,0.0,309,0.24065420560747663,975,0.7593457943925234,24,8,0.3333333333333333,0,0.0,8,0.3333333333333333,16,0.6666666666666666
-86.147,39.774,120,102,0.85,0,0.0,102,0.85,18,0.15,3,2,0.6666666666666666,0,0.0,2,0.6666666666666666,1,0.3333333333333333
-86.147,39.7745,103,103,1.0,0,0.0,103,1.0,0,0.0,2,2,1.0,0,0.0,2,1.0,0,0.0
-86.147,39.775,1462,144,0.09849521203830369,0,0.0,144,0.09849521203830369,1318,0.9015047879616963,30,6,0.2,0,0.0,6,0.2,24,0.8
-86.147,39.7755,134,0,0.0,0,0.0,0,0.0,134,1.0,2,0,0.0,0,0.0,0,0.0,2,1.0
-86.147,39.776,516,6,0.011627906976744186,0,0.0,6,0.011627906976744186,510,0.9883720930232558,5,1,0.2,0,0.0,1,0.2,4,0.8
-86.147,39.7765,534,0,0.0,0,0.0,0,0.0,534,1.0,2,0,0.0,0,0.0,0,0.0,2,1.0
-86.147,39.777,156,0,0.0,0,0.0,0,0.0,156,1.0,2,0,0.0,0,0.0,0,0.0,2,1.0
-86.147,39.7775,840,0,0.0,0,0.0,0,0.0,840,1.0,15,0,0.0,0,0.0,0,0.0,15,1.0
-86.1465,39.7665,333,0,0.0,151,0.45345345345345345,151,0.45345345345345345,182,0.5465465465465466,8,0,0.0,4,0.5,4,0.5,4,0.5
-86.1465,39.768,1104,0,0.0,0,0.0,0,0.0,1104,1.0,15,0,0.0,0,0.0,0,0.0,15,1.0
-86.1465,39.7685,105,0,0.0,0,0.0,0,0.0,105,1.0,2,0,0.0,0,0.0,0,0.0,2,1.0
-86.1465,39.7695,526,50,0.09505703422053231,0,0.0,50,0.09505703422053231,476,0.9049429657794676,17,2,0.11764705882352941,0,0.0,2,0.11764705882352941,15,0.8823529411764706
-86.1465,39.771,511,30,0.05870841487279843,0,0.0,30,0.05870841487279843,481,0.9412915851272016,27,2,0.07407407407407407,0,0.0,2,0.07407407407407407,25,0.9259259259259259
-86.1465,39.772,214,0,0.0,0,0.0,0,0.0,214,1.0,4,0,0.0,0,0.0,0,0.0,4,1.0
-86.1465,39.7725,1676,329,0.19630071599045346,0,0.0,329,0.19630071599045346,1347,0.8036992840095465,27,10,0.37037037037037035,0,0.0,10,0.37037037037037035,17,0.6296296296296297
-86.1465,39.7735,532,125,0.2349624060150376,0,0.0,125,0.2349624060150376,407,0.7650375939849624,16,3,0.1875,0,0.0,3,0.1875,13,0.8125
-86.1465,39.775,1065,0,0.0,0,0.0,0,0.0,1065,1.0,26,0,0.0,0,0.0,0,0.0,26,1.0
-86.1465,39.776,27,0,0.0,0,0.0,0,0.0,27,1.0,2,0,0.0,0,0.0,0,0.0,2,1.0
-86.1465,39.7765,132,0,0.0,0,0.0,0,0.0,132,1.0,4,0,0.0,0,0.0,0,0.0,4,1.0
-86.1465,39.7775,711,0,0.0,0,0.0,0,0.0,711,1.0,20,0,0.0,0,0.0,0,0.0,20,1.0
-86.146,39.7665,386,0,0.0,173,0.4481865284974093,173,0.4481865284974093,213,0.5518134715025906,8,0,0.0,4,0.5,4,0.5,4,0.5
-86.146,39.768,665,0,0.0,0,0.0,0,0.0,665,1.0,14,0,0.0,0,0.0,0,0.0,14,1.0
-86.146,39.7695,566,33,0.05830388692579505,0,0.0,33,0.05830388692579505,533,0.941696113074205,17,1,0.058823529411764705,0,0.0,1,0.058823529411764705,16,0.9411764705882353
-86.146,39.771,521,0,0.0,0,0.0,0,0.0,521,1.0,15,0,0.0,0,0.0,0,0.0,15,1.0
-86.146,39.772,196,0,0.0,0,0.0,0,0.0,196,1.0,3,0,0.0,0,0.0,0,0.0,3,1.0
-86.146,39.7725,1343,350,0.2606105733432614,0,0.0,350,0.2606105733432614,993,0.7393894266567387,19,6,0.3157894736842105,0,0.0,6,0.3157894736842105,13,0.6842105263157895
-86.146,39.7735,515,123,0.23883495145631067,0,0.0,123,0.23883495145631067,392,0.7611650485436893,14,3,0.21428571428571427,0,0.0,3,0.21428571428571427,11,0.7857142857142857
-86.146,39.775,668,0,0.0,0,0.0,0,0.0,668,1.0,20,0,0.0,0,0.0,0,0.0,20,1.0
-86.146,39.7765,85,0,0.0,0,0.0,0,0.0,85,1.0,1,0,0.0,0,0.0,0,0.0,1,1.0
-86.146,39.777,49,0,0.0,0,0.0,0,0.0,49,1.0,1,0,0.0,0,0.0,0,0.0,1,1.0
-86.146,39.7775,1079,0,0.0,0,0.0,0,0.0,1079,1.0,14,0,0.0,0,0.0,0,0.0,14,1.0
-86.1455,39.7655,252,0,0.0,0,0.0,0,0.0,252,1.0,6,0,0.0,0,0.0,0,0.0,6,1.0
-86.1455,39.766,287,0,0.0,0,0.0,0,0.0,287,1.0,6,0,0.0,0,0.0,0,0.0,6,1.0
-86.1455,39.7665,2241,0,0.0,715,0.3190539937527889,715,0.3190539937527889,1526,0.680946006247211,32,0,0.0,15,0.46875,15,0.46875,17,0.53125
-86.1455,39.768,2808,0,0.0,0,0.0,0,0.0,2808,1.0,24,0,0.0,0,0.0,0,0.0,24,1.0
-86.1455,39.7685,455,0,0.0,0,0.0,0,0.0,455,1.0,6,0,0.0,0,0.0,0,0.0,6,1.0
-86.1455,39.769,2124,415,0.19538606403013184,0,0.0,415,0.19538606403013184,1709,0.8046139359698682,18,2,0.1111111111111111,0,0.0,2,0.1111111111111111,16,0.8888888888888888
-86.1455,39.7695,2365,232,0.09809725158562368,0,0.0,232,0.09809725158562368,2133,0.9019027484143763,28,4,0.14285714285714285,0,0.0,4,0.14285714285714285,24,0.8571428571428571
-86.1455,39.77,999,91,0.09109109109109109,0,0.0,91,0.09109109109109109,908,0.908908908908909,21,3,0.14285714285714285,0,0.0,3,0.14285714285714285,18,0.8571428571428571
-86.1455,39.7705,3296,456,0.1383495145631068,0,0.0,456,0.1383495145631068,2840,0.8616504854368932,45,10,0.2222222222222222,0,0.0,10,0.2222222222222222,35,0.7777777777777778
-86.1455,39.771,1466,56,0.03819918144611187,0,0.0,56,0.03819918144611187,1410,0.9618008185538881,34,3,0.08823529411764706,0,0.0,3,0.08823529411764706,31,0.9117647058823529
-86.1455,39.7715,427,62,0.1451990632318501,0,0.0,62,0.1451990632318501,365,0.8548009367681498,13,2,0.15384615384615385,0,0.0,2,0.15384615384615385,11,0.8461538461538461
-86.1455,39.772,394,0,0.0,0,0.0,0,0.0,394,1.0,6,0,0.0,0,0.0,0,0.0,6,1.0
-86.1455,39.7725,3496,467,0.1335812356979405,0,0.0,467,0.1335812356979405,3029,0.8664187643020596,39,6,0.15384615384615385,0,0.0,6,0.15384615384615385,33,0.8461538461538461
-86.1455,39.773,12,0,0.0,0,0.0,0,0.0,12,1.0,1,0,0.0,0,0.0,0,0.0,1,1.0
-86.1455,39.7735,729,282,0.3868312757201646,0,0.0,282,0.3868312757201646,447,0.6131687242798354,22,9,0.4090909090909091,0,0.0,9,0.4090909090909091,13,0.5909090909090909
-86.1455,39.775,804,0,0.0,0,0.0,0,0.0,804,1.0,12,0,0.0,0,0.0,0,0.0,12,1.0
-86.1455,39.777,213,0,0.0,0,0.0,0,0.0,213,1.0,1,0,0.0,0,0.0,0,0.0,1,1.0
-86.1455,39.7775,2013,0,0.0,0,0.0,0,0.0,2013,1.0,14,0,0.0,0,0.0,0,0.0,14,1.0
-86.145,39.7665,207,0,0.0,103,0.4975845410628019,103,0.4975845410628019,104,0.5024154589371981,4,0,0.0,2,0.5,2,0.5,2,0.5
-86.145,39.77,33,32,0.9696969696969697,0,0.0,32,0.9696969696969697,1,0.030303030303030304,2,1,0.5,0,0.0,1,0.5,1,0.5
-86.145,39.7705,789,279,0.35361216730038025,0,0.0,279,0.35361216730038025,510,0.6463878326996197,16,5,0.3125,0,0.0,5,0.3125,11,0.6875
-86.145,39.771,1097,141,0.12853236098450319,0,0.0,141,0.12853236098450319,956,0.8714676390154968,27,3,0.1111111111111111,0,0.0,3,0.1111111111111111,24,0.8888888888888888
-86.145,39.7715,1282,132,0.1029641185647426,0,0.0,132,0.1029641185647426,1150,0.8970358814352574,37,5,0.13513513513513514,0,0.0,5,0.13513513513513514,32,0.8648648648648649
-86.145,39.772,1572,160,0.10178117048346055,0,0.0,160,0.10178117048346055,1412,0.8982188295165394,36,6,0.16666666666666666,0,0.0,6,0.16666666666666666,30,0.8333333333333334
-86.145,39.7725,1872,158,0.08440170940170941,0,0.0,158,0.08440170940170941,1714,0.9155982905982906,40,6,0.15,0,0.0,6,0.15,34,0.85
-86.145,39.773,2350,613,0.26085106382978723,0,0.0,613,0.26085106382978723,1737,0.7391489361702127,43,13,0.3023255813953488,0,0.0,13,0.3023255813953488,30,0.6976744186046512
-86.145,39.7735,6181,932,0.1507846626759424,0,0.0,932,0.1507846626759424,5249,0.8492153373240576,49,21,0.42857142857142855,0,0.0,21,0.42857142857142855,28,0.5714285714285714
-86.145,39.774,886,90,0.10158013544018059,0,0.0,90,0.10158013544018059,796,0.8984198645598194,15,2,0.13333333333333333,0,0.0,2,0.13333333333333333,13,0.8666666666666667
-86.145,39.7745,921,74,0.08034744842562432,0,0.0,74,0.08034744842562432,847,0.9196525515743756,16,2,0.125,0,0.0,2,0.125,14,0.875
-86.145,39.775,1034,78,0.07543520309477757,0,0.0,78,0.07543520309477757,956,0.9245647969052224,17,3,0.17647058823529413,0,0.0,3,0.17647058823529413,14,0.8235294117647058
-86.145,39.7755,405,63,0.15555555555555556,0,0.0,63,0.15555555555555556,342,0.8444444444444444,12,4,0.3333333333333333,0,0.0,4,0.3333333333333333,8,0.6666666666666666
-86.145,39.776,411,57,0.1386861313868613,0,0.0,57,0.1386861313868613,354,0.8613138686131386,8,1,0.125,0,0.0,1,0.125,7,0.875
-86.145,39.7765,13348,62,0.00464489062031765,0,0.0,62,0.00464489062031765,13286,0.9953551093796823,31,1,0.03225806451612903,0,0.0,1,0.03225806451612903,30,0.967741935483871
-86.145,39.777,1573,40,0.02542911633820725,0,0.0,40,0.02542911633820725,1533,0.9745708836617928,17,1,0.058823529411764705,0,0.0,1,0.058823529411764705,16,0.9411764705882353
-86.145,39.7775,2024,0,0.0,0,0.0,0,0.0,2024,1.0,19,0,0.0,0,0.0,0,0.0,19,1.0
