grid_lat,grid_lon,total_sample,mw_sample,mw_ratio,sub6_sample,sub6_ratio,5g_sample,5g_sample,lte_sample,lte_ratio,total_cs_sample,mw_cs_sample,mw_cs_ratio,sub6_cs_sample,sub6_cs_ratio,5g_cs_sample,5g_cs_sample,lte_cs_sample,lte_cs_ratio
-87.632,41.889,193,21,0.10880829015544041,154,0.7979274611398963,175,0.9067357512953367,18,0.09326424870466321,3,1,0.3333333333333333,1,0.3333333333333333,2,0.6666666666666666,1,0.3333333333333333
-87.632,41.8895,246,0,0.0,0,0.0,0,0.0,246,1.0,3,0,0.0,0,0.0,0,0.0,3,1.0
-87.632,41.89,121,20,0.1652892561983471,0,0.0,20,0.1652892561983471,101,0.8347107438016529,4,1,0.25,0,0.0,1,0.25,3,0.75
-87.632,41.8915,4263,1266,0.29697396199859255,385,0.090311986863711,1651,0.38728594886230355,2612,0.6127140511376965,68,25,0.36764705882352944,3,0.04411764705882353,28,0.4117647058823529,40,0.5882352941176471
-87.632,41.892,2626,1110,0.4226961157654227,202,0.07692307692307693,1312,0.49961919268849964,1314,0.5003808073115004,54,24,0.4444444444444444,6,0.1111111111111111,30,0.5555555555555556,24,0.4444444444444444
-87.632,41.8925,80,80,1.0,0,0.0,80,1.0,0,0.0,2,2,1.0,0,0.0,2,1.0,0,0.0
-87.632,41.893,5229,1065,0.20367183017785429,1351,0.2583668005354752,2416,0.4620386307133295,2813,0.5379613692866705,35,4,0.11428571428571428,9,0.2571428571428571,13,0.37142857142857144,22,0.6285714285714286
-87.632,41.8935,3532,273,0.07729331823329558,897,0.2539637599093998,1170,0.33125707814269534,2362,0.6687429218573047,37,2,0.05405405405405406,9,0.24324324324324326,11,0.2972972972972973,26,0.7027027027027027
-87.632,41.894,891,64,0.0718294051627385,478,0.5364758698092031,542,0.6083052749719416,349,0.39169472502805835,23,1,0.043478260869565216,8,0.34782608695652173,9,0.391304347826087,14,0.6086956521739131
-87.632,41.8945,6530,162,0.024808575803981624,2630,0.40275650842266464,2792,0.42756508422664624,3738,0.5724349157733537,75,3,0.04,22,0.29333333333333333,25,0.3333333333333333,50,0.6666666666666666
-87.632,41.8955,1243,0,0.0,897,0.7216411906677394,897,0.7216411906677394,346,0.27835880933226065,23,0,0.0,13,0.5652173913043478,13,0.5652173913043478,10,0.43478260869565216
-87.632,41.8965,1236,49,0.03964401294498382,382,0.30906148867313915,431,0.34870550161812297,805,0.651294498381877,23,1,0.043478260869565216,8,0.34782608695652173,9,0.391304347826087,14,0.6086956521739131
-87.632,41.899,215,0,0.0,0,0.0,0,0.0,215,1.0,3,0,0.0,0,0.0,0,0.0,3,1.0
-87.632,41.9,86,0,0.0,0,0.0,0,0.0,86,1.0,1,0,0.0,0,0.0,0,0.0,1,1.0
-87.6315,41.889,85,85,1.0,0,0.0,85,1.0,0,0.0,1,1,1.0,0,0.0,1,1.0,0,0.0
-87.6315,41.8895,270,19,0.07037037037037037,0,0.0,19,0.07037037037037037,251,0.9296296296296296,5,1,0.2,0,0.0,1,0.2,4,0.8
-87.6315,41.89,427,46,0.10772833723653395,0,0.0,46,0.10772833723653395,381,0.892271662763466,4,1,0.25,0,0.0,1,0.25,3,0.75
-87.6315,41.8915,2756,1054,0.38243831640058057,93,0.03374455732946299,1147,0.4161828737300436,1609,0.5838171262699564,63,25,0.3968253968253968,3,0.047619047619047616,28,0.4444444444444444,35,0.5555555555555556
-87.6315,41.892,3882,235,0.06053580628541989,371,0.09556929417825863,606,0.1561051004636785,3276,0.8438948995363215,26,8,0.3076923076923077,3,0.11538461538461539,11,0.4230769230769231,15,0.5769230769230769
-87.6315,41.893,5993,354,0.05906891373268813,2705,0.45135991990655766,3059,0.5104288336392457,2934,0.4895711663607542,55,8,0.14545454545454545,21,0.38181818181818183,29,0.5272727272727272,26,0.4727272727272727
-87.6315,41.8935,1931,575,0.29777317452097357,357,0.18487830139823924,932,0.4826514759192128,999,0.5173485240807871,22,1,0.045454545454545456,7,0.3181818181818182,8,0.36363636363636365,14,0.6363636363636364
-87.6315,41.894,2249,60,0.026678523788350377,1583,0.7038683859493108,1643,0.7305469097376611,606,0.2694530902623388,25,1,0.04,13,0.52,14,0.56,11,0.44
-87.6315,41.8945,10252,18,0.001755754974639095,1477,0.14406944986344128,1495,0.14582520483808037,8757,0.8541747951619196,53,1,0.018867924528301886,11,0.20754716981132076,12,0.22641509433962265,41,0.7735849056603774
-87.6315,41.8955,5586,2391,0.4280343716433942,1943,0.34783387039026137,4334,0.7758682420336556,1252,0.22413175796634444,24,1,0.041666666666666664,12,0.5,13,0.5416666666666666,11,0.4583333333333333
-87.6315,41.8965,2457,40,0.01628001628001628,1228,0.4997964997964998,1268,0.5160765160765161,1189,0.48392348392348394,37,1,0.02702702702702703,16,0.43243243243243246,17,0.4594594594594595,20,0.5405405405405406
-87.6315,41.898,40,0,0.0,40,1.0,40,1.0,0,0.0,2,0,0.0,2,1.0,2,1.0,0,0.0
-87.6315,41.899,194,0,0.0,0,0.0,0,0.0,194,1.0,3,0,0.0,0,0.0,0,0.0,3,1.0
-87.631,41.889,64,49,0.765625,0,0.0,49,0.765625,15,0.234375,4,2,0.5,0,0.0,2,0.5,2,0.5
-87.631,41.8895,334,261,0.781437125748503,0,0.0,261,0.781437125748503,73,0.218562874251497,4,1,0.25,0,0.0,1,0.25,3,0.75
-87.631,41.89,199,57,0.2864321608040201,0,0.0,57,0.2864321608040201,142,0.7135678391959799,5,2,0.4,0,0.0,2,0.4,3,0.6
-87.631,41.8915,2106,821,0.3898385565052232,1,0.0004748338081671415,822,0.39031339031339035,1284,0.6096866096866097,43,18,0.4186046511627907,1,0.023255813953488372,19,0.4418604651162791,24,0.5581395348837209
-87.631,41.892,5332,1547,0.29013503375843963,888,0.16654163540885222,2435,0.4566766691672919,2897,0.5433233308327082,118,38,0.3220338983050847,21,0.17796610169491525,59,0.5,59,0.5
-87.631,41.8925,3992,1472,0.3687374749498998,1131,0.28331663326653306,2603,0.6520541082164328,1389,0.3479458917835671,66,23,0.3484848484848485,11,0.16666666666666666,34,0.5151515151515151,32,0.48484848484848486
-87.631,41.893,5531,1960,0.3543662990417646,1182,0.21370457421804376,3142,0.5680708732598083,2389,0.4319291267401916,98,31,0.3163265306122449,20,0.20408163265306123,51,0.5204081632653061,47,0.47959183673469385
-87.631,41.8935,5822,514,0.08828581243558914,1770,0.3040192373754724,2284,0.3923050498110615,3538,0.6076949501889385,114,19,0.16666666666666666,22,0.19298245614035087,41,0.35964912280701755,73,0.6403508771929824
-87.631,41.894,7644,569,0.07443746729461015,2889,0.37794348508634223,3458,0.4523809523809524,4186,0.5476190476190477,144,13,0.09027777777777778,47,0.3263888888888889,60,0.4166666666666667,84,0.5833333333333334
-87.631,41.8945,8895,382,0.04294547498594716,1755,0.1973018549747049,2137,0.24024732996065207,6758,0.759752670039348,153,8,0.05228758169934641,40,0.26143790849673204,48,0.3137254901960784,105,0.6862745098039216
-87.631,41.895,2461,90,0.03657049979683056,1387,0.563592035757822,1477,0.6001625355546526,984,0.3998374644453474,32,2,0.0625,19,0.59375,21,0.65625,11,0.34375
-87.631,41.8955,8076,408,0.05052005943536404,3646,0.4514611193660228,4054,0.5019811788013868,4022,0.4980188211986132,96,6,0.0625,40,0.4166666666666667,46,0.4791666666666667,50,0.5208333333333334
-87.631,41.896,2621,108,0.04120564669973292,1637,0.6245707745135445,1745,0.6657764212132774,876,0.33422357878672265,47,2,0.0425531914893617,29,0.6170212765957447,31,0.6595744680851063,16,0.3404255319148936
-87.631,41.8965,11168,299,0.02677292263610315,5462,0.4890759312320917,5761,0.5158488538681949,5407,0.48415114613180515,107,4,0.037383177570093455,46,0.42990654205607476,50,0.4672897196261682,57,0.5327102803738317
-87.631,41.897,2695,0,0.0,1102,0.40890538033395174,1102,0.40890538033395174,1593,0.5910946196660483,64,0,0.0,18,0.28125,18,0.28125,46,0.71875
-87.631,41.898,1465,0,0.0,281,0.19180887372013652,281,0.19180887372013652,1184,0.8081911262798634,21,0,0.0,5,0.23809523809523808,5,0.23809523809523808,16,0.7619047619047619
-87.631,41.8985,2158,0,0.0,359,0.16635773864689526,359,0.16635773864689526,1799,0.8336422613531047,40,0,0.0,10,0.25,10,0.25,30,0.75
-87.631,41.899,2007,0,0.0,652,0.32486297957149973,652,0.32486297957149973,1355,0.6751370204285002,41,0,0.0,14,0.34146341463414637,14,0.34146341463414637,27,0.6585365853658537
-87.631,41.8995,5221,0,0.0,2492,0.47730319862095383,2492,0.47730319862095383,2729,0.5226968013790462,72,0,0.0,26,0.3611111111111111,26,0.3611111111111111,46,0.6388888888888888
-87.631,41.9,549,0,0.0,0,0.0,0,0.0,549,1.0,2,0,0.0,0,0.0,0,0.0,2,1.0
-87.6305,41.889,73,1,0.0136986301369863,0,0.0,1,0.0136986301369863,72,0.9863013698630136,2,1,0.5,0,0.0,1,0.5,1,0.5
-87.6305,41.8895,230,167,0.7260869565217392,0,0.0,167,0.7260869565217392,63,0.27391304347826084,3,2,0.6666666666666666,0,0.0,2,0.6666666666666666,1,0.3333333333333333
-87.6305,41.89,349,108,0.30945558739255014,0,0.0,108,0.30945558739255014,241,0.6905444126074498,4,2,0.5,0,0.0,2,0.5,2,0.5
-87.6305,41.8915,3138,541,0.17240280433397068,0,0.0,541,0.17240280433397068,2597,0.8275971956660293,33,11,0.3333333333333333,0,0.0,11,0.3333333333333333,22,0.6666666666666666
-87.6305,41.892,5000,866,0.1732,1516,0.3032,2382,0.47640000000000005,2618,0.5236,83,20,0.24096385542168675,23,0.27710843373493976,43,0.5180722891566265,40,0.4819277108433735
-87.6305,41.8925,11,0,0.0,0,0.0,0,0.0,11,1.0,1,0,0.0,0,0.0,0,0.0,1,1.0
-87.6305,41.893,8733,1186,0.13580671017977786,2325,0.2662315355547922,3511,0.40203824573457003,5222,0.59796175426543,94,18,0.19148936170212766,13,0.13829787234042554,31,0.32978723404255317,63,0.6702127659574468
-87.6305,41.8935,235,0,0.0,60,0.2553191489361702,60,0.2553191489361702,175,0.7446808510638298,9,0,0.0,3,0.3333333333333333,3,0.3333333333333333,6,0.6666666666666666
-87.6305,41.894,2284,180,0.07880910683012259,1070,0.46847635726795095,1250,0.5472854640980735,1034,0.45271453590192645,64,8,0.125,24,0.375,32,0.5,32,0.5
-87.6305,41.8945,6697,56,0.008361953113334328,257,0.03837539196655219,313,0.046737345079886514,6384,0.9532626549201135,65,2,0.03076923076923077,9,0.13846153846153847,11,0.16923076923076924,54,0.8307692307692308
-87.6305,41.8955,1205,127,0.1053941908713693,350,0.29045643153526973,477,0.39585062240663904,728,0.604149377593361,27,4,0.14814814814814814,5,0.18518518518518517,9,0.3333333333333333,18,0.6666666666666666
-87.6305,41.8965,6922,597,0.0862467494943658,3593,0.5190696330540306,4190,0.6053163825483965,2732,0.3946836174516036,83,5,0.060240963855421686,40,0.4819277108433735,45,0.5421686746987951,38,0.4578313253012048
-87.6305,41.898,387,0,0.0,48,0.12403100775193798,48,0.12403100775193798,339,0.875968992248062,9,0,0.0,1,0.1111111111111111,1,0.1111111111111111,8,0.8888888888888888
-87.6305,41.8985,871,0,0.0,0,0.0,0,0.0,871,1.0,13,0,0.0,0,0.0,0,0.0,13,1.0
-87.6305,41.8995,1643,0,0.0,836,0.5088253195374315,836,0.5088253195374315,807,0.49117468046256846,43,0,0.0,20,0.46511627906976744,20,0.46511627906976744,23,0.5348837209302325
-87.63,41.889,51,51,1.0,0,0.0,51,1.0,0,0.0,1,1,1.0,0,0.0,1,1.0,0,0.0
-87.63,41.8895,106,106,1.0,0,0.0,106,1.0,0,0.0,2,2,1.0,0,0.0,2,1.0,0,0.0
-87.63,41.89,213,145,0.6807511737089202,0,0.0,145,0.6807511737089202,68,0.3192488262910798,3,2,0.6666666666666666,0,0.0,2,0.6666666666666666,1,0.3333333333333333
-87.63,41.8915,963,377,0.39148494288681207,39,0.040498442367601244,416,0.4319833852544133,547,0.5680166147455867,27,10,0.37037037037037035,2,0.07407407407407407,12,0.4444444444444444,15,0.5555555555555556
-87.63,41.892,10784,2800,0.2596439169139466,1807,0.16756305637982197,4607,0.42720697329376855,6177,0.5727930267062314,117,39,0.3333333333333333,15,0.1282051282051282,54,0.46153846153846156,63,0.5384615384615384
-87.63,41.8925,851,0,0.0,338,0.3971797884841363,338,0.3971797884841363,513,0.6028202115158637,4,0,0.0,1,0.25,1,0.25,3,0.75
-87.63,41.893,2689,596,0.22164373373001114,64,0.0238006693938267,660,0.24544440312383783,2029,0.7545555968761621,37,9,0.24324324324324326,2,0.05405405405405406,11,0.2972972972972973,26,0.7027027027027027
-87.63,41.8935,169,0,0.0,65,0.38461538461538464,65,0.38461538461538464,104,0.6153846153846154,3,0,0.0,1,0.3333333333333333,1,0.3333333333333333,2,0.6666666666666666
-87.63,41.894,5871,121,0.02060977686935786,2469,0.42054164537557487,2590,0.44115142224493276,3281,0.5588485777550672,109,6,0.05504587155963303,50,0.45871559633027525,56,0.5137614678899083,53,0.48623853211009177
-87.63,41.8945,2771,0,0.0,323,0.1165644171779141,323,0.1165644171779141,2448,0.8834355828220859,65,0,0.0,10,0.15384615384615385,10,0.15384615384615385,55,0.8461538461538461
-87.63,41.8955,6750,730,0.10814814814814815,1478,0.21896296296296297,2208,0.32711111111111113,4542,0.6728888888888889,84,9,0.10714285714285714,19,0.2261904761904762,28,0.3333333333333333,56,0.6666666666666666
-87.63,41.8965,5112,189,0.03697183098591549,2970,0.5809859154929577,3159,0.6179577464788732,1953,0.38204225352112675,35,1,0.02857142857142857,20,0.5714285714285714,21,0.6,14,0.4
-87.63,41.897,1,0,0.0,0,0.0,0,0.0,1,1.0,1,0,0.0,0,0.0,0,0.0,1,1.0
-87.63,41.898,591,0,0.0,45,0.07614213197969544,45,0.07614213197969544,546,0.9238578680203046,16,0,0.0,1,0.0625,1,0.0625,15,0.9375
-87.63,41.8985,1935,0,0.0,37,0.019121447028423774,37,0.019121447028423774,1898,0.9808785529715762,21,0,0.0,2,0.09523809523809523,2,0.09523809523809523,19,0.9047619047619048
-87.63,41.8995,1258,0,0.0,576,0.4578696343402226,576,0.4578696343402226,682,0.5421303656597775,30,0,0.0,10,0.3333333333333333,10,0.3333333333333333,20,0.6666666666666666
-87.6295,41.889,207,88,0.4251207729468599,0,0.0,88,0.4251207729468599,119,0.5748792270531401,4,2,0.5,0,0.0,2,0.5,2,0.5
-87.6295,41.8895,229,119,0.519650655021834,0,0.0,119,0.519650655021834,110,0.48034934497816595,5,4,0.8,0,0.0,4,0.8,1,0.2
-87.6295,41.89,269,84,0.31226765799256506,0,0.0,84,0.31226765799256506,185,0.6877323420074349,7,4,0.5714285714285714,0,0.0,4,0.5714285714285714,3,0.42857142857142855
-87.6295,41.891,165,91,0.5515151515151515,1,0.006060606060606061,92,0.5575757575757576,73,0.44242424242424244,8,2,0.25,1,0.125,3,0.375,5,0.625
-87.6295,41.8915,1482,624,0.42105263157894735,76,0.05128205128205128,700,0.4723346828609986,782,0.5276653171390013,47,20,0.425531914893617,4,0.0851063829787234,24,0.5106382978723404,23,0.48936170212765956
-87.6295,41.892,11815,2845,0.2407955988150656,1477,0.12501057977147695,4322,0.3658061785865425,7493,0.6341938214134575,204,65,0.31862745098039214,34,0.16666666666666666,99,0.4852941176470588,105,0.5147058823529411
-87.6295,41.8925,2511,447,0.17801672640382318,362,0.14416567104739147,809,0.3221823974512147,1702,0.6778176025487853,26,6,0.23076923076923078,4,0.15384615384615385,10,0.38461538461538464,16,0.6153846153846154
-87.6295,41.893,5409,2470,0.4566463301904234,193,0.03568127195415049,2663,0.4923276021445739,2746,0.5076723978554262,69,23,0.3333333333333333,4,0.057971014492753624,27,0.391304347826087,42,0.6086956521739131
-87.6295,41.8935,2037,386,0.18949435444280804,322,0.15807560137457044,708,0.3475699558173785,1329,0.6524300441826215,48,10,0.20833333333333334,7,0.14583333333333334,17,0.3541666666666667,31,0.6458333333333334
-87.6295,41.894,5994,997,0.166332999666333,1866,0.3113113113113113,2863,0.47764431097764426,3131,0.5223556890223557,159,21,0.1320754716981132,53,0.3333333333333333,74,0.46540880503144655,85,0.5345911949685535
-87.6295,41.8945,7726,421,0.054491327983432564,1179,0.1526016049702304,1600,0.20709293295366296,6126,0.7929070670463371,109,9,0.08256880733944955,22,0.2018348623853211,31,0.28440366972477066,78,0.7155963302752294
-87.6295,41.895,1304,436,0.3343558282208589,169,0.12960122699386503,605,0.46395705521472397,699,0.536042944785276,30,13,0.43333333333333335,4,0.13333333333333333,17,0.5666666666666667,13,0.43333333333333335
-87.6295,41.8955,6379,1430,0.2241730678789779,1351,0.21178868161153785,2781,0.43596174949051575,3598,0.5640382505094842,88,19,0.2159090909090909,18,0.20454545454545456,37,0.42045454545454547,51,0.5795454545454546
-87.6295,41.896,11412,423,0.03706624605678233,5289,0.463459516298633,5712,0.5005257623554153,5700,0.49947423764458465,125,7,0.056,39,0.312,46,0.368,79,0.632
-87.6295,41.8965,8984,505,0.056211041852181655,5439,0.6054096170970614,5944,0.661620658949243,3040,0.3383793410507569,119,2,0.01680672268907563,75,0.6302521008403361,77,0.6470588235294118,42,0.35294117647058826
-87.6295,41.897,1567,148,0.09444798978940651,916,0.5845564773452457,1064,0.6790044671346522,503,0.3209955328653478,37,1,0.02702702702702703,25,0.6756756756756757,26,0.7027027027027027,11,0.2972972972972973
-87.6295,41.898,9450,166,0.017566137566137566,3797,0.4017989417989418,3963,0.4193650793650794,5487,0.5806349206349206,77,3,0.03896103896103896,34,0.44155844155844154,37,0.4805194805194805,40,0.5194805194805194
-87.6295,41.8985,4724,141,0.029847586790855207,2042,0.43226079593564776,2183,0.46210838272650295,2541,0.537891617273497,129,3,0.023255813953488372,51,0.3953488372093023,54,0.4186046511627907,75,0.5813953488372093
-87.6295,41.899,3167,19,0.005999368487527629,1974,0.623302810230502,1993,0.6293021787180296,1174,0.3706978212819703,94,1,0.010638297872340425,40,0.425531914893617,41,0.43617021276595747,53,0.5638297872340425
-87.6295,41.8995,3458,58,0.0167727009832273,1359,0.39300173510699826,1417,0.40977443609022557,2041,0.5902255639097744,53,1,0.018867924528301886,14,0.2641509433962264,15,0.2830188679245283,38,0.7169811320754716
-87.6295,41.9,730,0,0.0,411,0.563013698630137,411,0.563013698630137,319,0.436986301369863,12,0,0.0,6,0.5,6,0.5,6,0.5
-87.629,41.889,30,30,1.0,0,0.0,30,1.0,0,0.0,1,1,1.0,0,0.0,1,1.0,0,0.0
-87.629,41.8895,9,9,1.0,0,0.0,9,1.0,0,0.0,1,1,1.0,0,0.0,1,1.0,0,0.0
-87.629,41.89,430,211,0.4906976744186046,73,0.1697674418604651,284,0.6604651162790698,146,0.3395348837209302,9,3,0.3333333333333333,1,0.1111111111111111,4,0.4444444444444444,5,0.5555555555555556
-87.629,41.8915,4891,1642,0.3357186669392762,688,0.1406665303618892,2330,0.4763851973011654,2561,0.5236148026988346,104,40,0.38461538461538464,16,0.15384615384615385,56,0.5384615384615384,48,0.46153846153846156
-87.629,41.892,1697,384,0.2262816735415439,159,0.09369475545079552,543,0.3199764289923394,1154,0.6800235710076605,39,10,0.2564102564102564,4,0.10256410256410256,14,0.358974358974359,25,0.6410256410256411
-87.629,41.893,3462,35,0.010109763142692086,86,0.02484113229347198,121,0.034950895436164066,3341,0.965049104563836,31,1,0.03225806451612903,3,0.0967741935483871,4,0.12903225806451613,27,0.8709677419354839
-87.629,41.8935,172,46,0.26744186046511625,18,0.10465116279069768,64,0.37209302325581395,108,0.627906976744186,6,2,0.3333333333333333,1,0.16666666666666666,3,0.5,3,0.5
-87.629,41.894,2611,137,0.052470317885867486,849,0.3251627728839525,986,0.37763309076982,1625,0.62236690923018,52,2,0.038461538461538464,20,0.38461538461538464,22,0.4230769230769231,30,0.5769230769230769
-87.629,41.8945,4270,0,0.0,1124,0.26323185011709604,1124,0.26323185011709604,3146,0.736768149882904,63,0,0.0,19,0.30158730158730157,19,0.30158730158730157,44,0.6984126984126984
-87.629,41.895,11,11,1.0,0,0.0,11,1.0,0,0.0,1,1,1.0,0,0.0,1,1.0,0,0.0
-87.629,41.8955,2067,958,0.46347363328495406,314,0.15191098209966133,1272,0.6153846153846154,795,0.38461538461538464,18,1,0.05555555555555555,8,0.4444444444444444,9,0.5,9,0.5
-87.629,41.896,77,67,0.8701298701298701,0,0.0,67,0.8701298701298701,10,0.12987012987012986,2,1,0.5,0,0.0,1,0.5,1,0.5
-87.629,41.8965,5285,2,0.0003784295175023652,3544,0.6705771050141911,3546,0.6709555345316934,1739,0.3290444654683065,70,1,0.014285714285714285,38,0.5428571428571428,39,0.5571428571428572,31,0.44285714285714284
-87.629,41.898,771,47,0.0609597924773022,251,0.32555123216601817,298,0.3865110246433204,473,0.6134889753566797,14,1,0.07142857142857142,5,0.35714285714285715,6,0.42857142857142855,8,0.5714285714285714
-87.629,41.8985,93,0,0.0,50,0.5376344086021505,50,0.5376344086021505,43,0.46236559139784944,4,0,0.0,1,0.25,1,0.25,3,0.75
-87.629,41.899,1842,0,0.0,1442,0.7828447339847991,1442,0.7828447339847991,400,0.21715526601520088,28,0,0.0,17,0.6071428571428571,17,0.6071428571428571,11,0.39285714285714285
-87.629,41.8995,1268,88,0.0694006309148265,92,0.07255520504731862,180,0.14195583596214512,1088,0.8580441640378549,38,1,0.02631578947368421,2,0.05263157894736842,3,0.07894736842105263,35,0.9210526315789473
-87.6285,41.889,67,67,1.0,0,0.0,67,1.0,0,0.0,1,1,1.0,0,0.0,1,1.0,0,0.0
-87.6285,41.89,300,34,0.11333333333333333,53,0.17666666666666667,87,0.29,213,0.71,6,1,0.16666666666666666,1,0.16666666666666666,2,0.3333333333333333,4,0.6666666666666666
-87.6285,41.891,32,0,0.0,0,0.0,0,0.0,32,1.0,1,0,0.0,0,0.0,0,0.0,1,1.0
-87.6285,41.8915,1107,343,0.3098464317976513,326,0.2944896115627823,669,0.6043360433604337,438,0.3956639566395664,35,14,0.4,7,0.2,21,0.6,14,0.4
-87.6285,41.892,2578,673,0.26105508145849493,191,0.07408844065166796,864,0.3351435221101629,1714,0.664856477889837,44,12,0.2727272727272727,2,0.045454545454545456,14,0.3181818181818182,30,0.6818181818181818
-87.6285,41.893,1341,44,0.03281133482475764,168,0.12527964205816555,212,0.1580909768829232,1129,0.8419090231170768,30,1,0.03333333333333333,4,0.13333333333333333,5,0.16666666666666666,25,0.8333333333333334
-87.6285,41.8935,389,63,0.16195372750642673,25,0.06426735218508997,88,0.2262210796915167,301,0.7737789203084833,8,1,0.125,1,0.125,2,0.25,6,0.75
-87.6285,41.894,3226,130,0.040297582145071294,982,0.30440173589584624,1112,0.3446993180409175,2114,0.6553006819590824,81,5,0.06172839506172839,27,0.3333333333333333,32,0.3950617283950617,49,0.6049382716049383
-87.6285,41.8945,2329,0,0.0,880,0.377844568484328,880,0.377844568484328,1449,0.622155431515672,53,0,0.0,20,0.37735849056603776,20,0.37735849056603776,33,0.6226415094339622
-87.6285,41.8955,5909,0,0.0,2689,0.4550685395159926,2689,0.4550685395159926,3220,0.5449314604840074,93,0,0.0,52,0.5591397849462365,52,0.5591397849462365,41,0.44086021505376344
-87.6285,41.896,131,131,1.0,0,0.0,131,1.0,0,0.0,1,1,1.0,0,0.0,1,1.0,0,0.0
-87.6285,41.8965,3828,121,0.031609195402298854,1864,0.48693834900731453,1985,0.5185475444096134,1843,0.48145245559038663,76,3,0.039473684210526314,38,0.5,41,0.5394736842105263,35,0.4605263157894737
-87.6285,41.897,113,70,0.6194690265486725,43,0.3805309734513274,113,1.0,0,0.0,2,1,0.5,1,0.5,2,1.0,0,0.0
-87.6285,41.898,1272,151,0.11871069182389937,259,0.20361635220125787,410,0.3223270440251572,862,0.6776729559748428,17,2,0.11764705882352941,6,0.35294117647058826,8,0.47058823529411764,9,0.5294117647058824
-87.6285,41.8985,290,0,0.0,120,0.41379310344827586,120,0.41379310344827586,170,0.5862068965517241,6,0,0.0,2,0.3333333333333333,2,0.3333333333333333,4,0.6666666666666666
-87.6285,41.899,6608,0,0.0,3315,0.5016646489104116,3315,0.5016646489104116,3293,0.4983353510895884,53,0,0.0,24,0.4528301886792453,24,0.4528301886792453,29,0.5471698113207547
-87.6285,41.8995,1159,46,0.03968938740293356,99,0.08541846419327007,145,0.12510785159620363,1014,0.8748921484037964,32,1,0.03125,7,0.21875,8,0.25,24,0.75
-87.628,41.889,123,115,0.9349593495934959,0,0.0,115,0.9349593495934959,8,0.06504065040650407,6,4,0.6666666666666666,0,0.0,4,0.6666666666666666,2,0.3333333333333333
-87.628,41.8895,195,195,1.0,0,0.0,195,1.0,0,0.0,2,2,1.0,0,0.0,2,1.0,0,0.0
-87.628,41.89,1968,1526,0.7754065040650406,0,0.0,1526,0.7754065040650406,442,0.22459349593495934,25,14,0.56,0,0.0,14,0.56,11,0.44
-87.628,41.891,1247,657,0.5268644747393745,0,0.0,657,0.5268644747393745,590,0.4731355252606255,13,6,0.46153846153846156,0,0.0,6,0.46153846153846156,7,0.5384615384615384
-87.628,41.8915,3441,1497,0.4350479511769834,543,0.15780296425457715,2040,0.5928509154315605,1401,0.4071490845684394,49,19,0.3877551020408163,11,0.22448979591836735,30,0.6122448979591837,19,0.3877551020408163
-87.628,41.892,8152,2302,0.2823846908734053,297,0.03643277723258096,2599,0.31881746810598627,5553,0.6811825318940138,111,38,0.34234234234234234,7,0.06306306306306306,45,0.40540540540540543,66,0.5945945945945946
-87.628,41.8925,17845,4292,0.24051555057439059,128,0.0071728775567385826,4420,0.24768842813112918,13425,0.7523115718688709,59,18,0.3050847457627119,4,0.06779661016949153,22,0.3728813559322034,37,0.6271186440677966
-87.628,41.893,13472,1649,0.1224020190023753,583,0.043274940617577196,2232,0.1656769596199525,11240,0.8343230403800475,117,22,0.18803418803418803,8,0.06837606837606838,30,0.2564102564102564,87,0.7435897435897436
-87.628,41.8935,11043,1860,0.16843249117087747,1599,0.1447976093452866,3459,0.31323010051616407,7584,0.6867698994838359,128,19,0.1484375,18,0.140625,37,0.2890625,91,0.7109375
-87.628,41.894,17205,1802,0.1047369950595757,1812,0.10531822144725371,3614,0.2100552165068294,13591,0.7899447834931705,201,24,0.11940298507462686,41,0.20398009950248755,65,0.32338308457711445,136,0.6766169154228856
-87.628,41.8945,10134,429,0.042332741267021905,1835,0.18107361357805407,2264,0.22340635484507598,7870,0.776593645154924,130,14,0.1076923076923077,37,0.2846153846153846,51,0.3923076923076923,79,0.6076923076923076
-87.628,41.895,8459,430,0.05083343184773614,3338,0.39460929187847266,3768,0.4454427237262088,4691,0.5545572762737913,125,13,0.104,59,0.472,72,0.576,53,0.424
-87.628,41.8955,11720,297,0.025341296928327647,5355,0.4569112627986348,5652,0.48225255972696246,6068,0.5177474402730375,169,6,0.03550295857988166,89,0.5266272189349113,95,0.5621301775147929,74,0.4378698224852071
-87.628,41.896,3358,137,0.040798094103633116,1773,0.5279928528886242,1910,0.5687909469922573,1448,0.4312090530077427,80,4,0.05,43,0.5375,47,0.5875,33,0.4125
-87.628,41.8965,21884,390,0.017821239261560956,11570,0.5286967647596418,11960,0.5465180040212028,9924,0.4534819959787973,251,6,0.02390438247011952,133,0.5298804780876494,139,0.5537848605577689,112,0.44621513944223107
-87.628,41.897,9077,848,0.09342293709375345,5594,0.6162829128566707,6442,0.7097058499504242,2635,0.29029415004957587,97,1,0.010309278350515464,56,0.5773195876288659,57,0.5876288659793815,40,0.41237113402061853
-87.628,41.898,4180,0,0.0,2086,0.49904306220095696,2086,0.49904306220095696,2094,0.500956937799043,82,0,0.0,36,0.43902439024390244,36,0.43902439024390244,46,0.5609756097560976
-87.628,41.8985,3760,0,0.0,1278,0.3398936170212766,1278,0.3398936170212766,2482,0.6601063829787234,59,0,0.0,23,0.3898305084745763,23,0.3898305084745763,36,0.6101694915254238
-87.628,41.899,7499,0,0.0,2438,0.3251100146686225,2438,0.3251100146686225,5061,0.6748899853313776,75,0,0.0,24,0.32,24,0.32,51,0.68
-87.628,41.8995,10326,46,0.004454774355994577,1530,0.1481696687972109,1576,0.1526244431532055,8750,0.8473755568467946,117,1,0.008547008547008548,24,0.20512820512820512,25,0.21367521367521367,92,0.7863247863247863
-87.628,41.9,3625,0,0.0,1108,0.3056551724137931,1108,0.3056551724137931,2517,0.6943448275862069,50,0,0.0,19,0.38,19,0.38,31,0.62
-87.6275,41.889,1338,876,0.6547085201793722,0,0.0,876,0.6547085201793722,462,0.3452914798206278,6,3,0.5,0,0.0,3,0.5,3,0.5
-87.6275,41.8895,300,278,0.9266666666666666,0,0.0,278,0.9266666666666666,22,0.07333333333333333,7,5,0.7142857142857143,0,0.0,5,0.7142857142857143,2,0.2857142857142857
-87.6275,41.89,637,480,0.7535321821036107,1,0.0015698587127158557,481,0.7551020408163266,156,0.24489795918367346,14,7,0.5,1,0.07142857142857142,8,0.5714285714285714,6,0.42857142857142855
-87.6275,41.891,160,69,0.43125,0,0.0,69,0.43125,91,0.56875,2,1,0.5,0,0.0,1,0.5,1,0.5
-87.6275,41.8915,3917,714,0.18228235894817463,1531,0.39086035231044164,2245,0.5731427112586163,1672,0.42685728874138373,45,13,0.28888888888888886,9,0.2,22,0.4888888888888889,23,0.5111111111111111
-87.6275,41.892,1457,655,0.4495538778311599,33,0.022649279341111873,688,0.4722031571722718,769,0.5277968428277282,31,10,0.3225806451612903,1,0.03225806451612903,11,0.3548387096774194,20,0.6451612903225806
-87.6275,41.8925,662,59,0.0891238670694864,0,0.0,59,0.0891238670694864,603,0.9108761329305136,14,3,0.21428571428571427,0,0.0,3,0.21428571428571427,11,0.7857142857142857
-87.6275,41.893,1230,101,0.08211382113821138,0,0.0,101,0.08211382113821138,1129,0.9178861788617886,14,3,0.21428571428571427,0,0.0,3,0.21428571428571427,11,0.7857142857142857
-87.6275,41.894,1416,264,0.1864406779661017,207,0.1461864406779661,471,0.3326271186440678,945,0.6673728813559322,43,6,0.13953488372093023,6,0.13953488372093023,12,0.27906976744186046,31,0.7209302325581395
-87.6275,41.8945,7929,92,0.011602976415689243,1847,0.23294236347584815,1939,0.2445453398915374,5990,0.7554546601084626,111,1,0.009009009009009009,36,0.32432432432432434,37,0.3333333333333333,74,0.6666666666666666
-87.6275,41.8955,1065,0,0.0,440,0.4131455399061033,440,0.4131455399061033,625,0.5868544600938967,25,0,0.0,11,0.44,11,0.44,14,0.56
-87.6275,41.896,44,0,0.0,44,1.0,44,1.0,0,0.0,1,0,0.0,1,1.0,1,1.0,0,0.0
-87.6275,41.8965,2937,243,0.08273748723186926,2021,0.6881171263193735,2264,0.7708546135512427,673,0.22914538644875723,88,4,0.045454545454545456,50,0.5681818181818182,54,0.6136363636363636,34,0.38636363636363635
-87.6275,41.897,36,31,0.8611111111111112,0,0.0,31,0.8611111111111112,5,0.1388888888888889,2,1,0.5,0,0.0,1,0.5,1,0.5
-87.627,41.889,6,6,1.0,0,0.0,6,1.0,0,0.0,1,1,1.0,0,0.0,1,1.0,0,0.0
-87.627,41.89,173,75,0.43352601156069365,0,0.0,75,0.43352601156069365,98,0.5664739884393064,4,1,0.25,0,0.0,1,0.25,3,0.75
-87.627,41.8915,1404,40,0.02849002849002849,352,0.25071225071225073,392,0.27920227920227925,1012,0.7207977207977208,26,2,0.07692307692307693,8,0.3076923076923077,10,0.38461538461538464,16,0.6153846153846154
-87.627,41.892,1752,297,0.1695205479452055,0,0.0,297,0.1695205479452055,1455,0.8304794520547946,29,7,0.2413793103448276,0,0.0,7,0.2413793103448276,22,0.7586206896551724
-87.627,41.8925,672,88,0.13095238095238096,0,0.0,88,0.13095238095238096,584,0.8690476190476191,14,2,0.14285714285714285,0,0.0,2,0.14285714285714285,12,0.8571428571428571
-87.627,41.893,676,110,0.16272189349112426,0,0.0,110,0.16272189349112426,566,0.8372781065088757,15,3,0.2,0,0.0,3,0.2,12,0.8
-87.627,41.894,4517,721,0.15961921629400044,1303,0.2884657958822227,2024,0.44808501217622315,2493,0.5519149878237768,35,8,0.22857142857142856,6,0.17142857142857143,14,0.4,21,0.6
-87.627,41.8945,1774,68,0.038331454340473504,300,0.16910935738444194,368,0.20744081172491544,1406,0.7925591882750845,27,1,0.037037037037037035,7,0.25925925925925924,8,0.2962962962962963,19,0.7037037037037037
-87.627,41.8955,4021,16,0.003979109674210396,1606,0.3994031335488684,1622,0.4033822432230788,2399,0.5966177567769212,38,1,0.02631578947368421,20,0.5263157894736842,21,0.5526315789473685,17,0.4473684210526316
-87.627,41.896,484,421,0.8698347107438017,63,0.13016528925619836,484,1.0,0,0.0,2,1,0.5,1,0.5,2,1.0,0,0.0
-87.627,41.8965,3602,226,0.06274292059966685,2397,0.6654636313159356,2623,0.7282065519156025,979,0.27179344808439754,64,4,0.0625,34,0.53125,38,0.59375,26,0.40625
-87.627,41.897,334,255,0.7634730538922155,64,0.19161676646706588,319,0.9550898203592815,15,0.04491017964071856,5,2,0.4,1,0.2,3,0.6,2,0.4
-87.6265,41.889,1098,122,0.1111111111111111,131,0.11930783242258652,253,0.23041894353369763,845,0.7695810564663024,10,3,0.3,1,0.1,4,0.4,6,0.6
-87.6265,41.8895,1370,18,0.013138686131386862,124,0.0905109489051095,142,0.10364963503649635,1228,0.8963503649635036,19,1,0.05263157894736842,3,0.15789473684210525,4,0.21052631578947367,15,0.7894736842105263
-87.6265,41.89,1334,191,0.1431784107946027,130,0.09745127436281859,321,0.24062968515742128,1013,0.7593703148425787,26,2,0.07692307692307693,3,0.11538461538461539,5,0.19230769230769232,21,0.8076923076923077
-87.6265,41.891,2280,194,0.08508771929824561,139,0.06096491228070176,333,0.14605263157894738,1947,0.8539473684210527,31,4,0.12903225806451613,5,0.16129032258064516,9,0.2903225806451613,22,0.7096774193548387
-87.6265,41.8915,6529,276,0.042272936131107365,1570,0.24046561494869045,1846,0.28273855107979784,4683,0.7172614489202022,89,8,0.0898876404494382,14,0.15730337078651685,22,0.24719101123595505,67,0.7528089887640449
-87.6265,41.892,9740,1051,0.10790554414784394,829,0.08511293634496919,1880,0.19301848049281312,7860,0.8069815195071869,92,14,0.15217391304347827,8,0.08695652173913043,22,0.2391304347826087,70,0.7608695652173914
-87.6265,41.8925,14870,359,0.024142568930733018,207,0.013920645595158036,566,0.03806321452589105,14304,0.961936785474109,87,7,0.08045977011494253,4,0.04597701149425287,11,0.12643678160919541,76,0.8735632183908046
-87.6265,41.893,13256,3417,0.2577700663850332,106,0.007996378998189498,3523,0.2657664453832227,9733,0.7342335546167773,186,75,0.4032258064516129,5,0.026881720430107527,80,0.43010752688172044,106,0.5698924731182796
-87.6265,41.8935,7214,391,0.054200166343221515,292,0.04047685056833934,683,0.09467701691156086,6531,0.9053229830884392,110,15,0.13636363636363635,10,0.09090909090909091,25,0.22727272727272727,85,0.7727272727272727
-87.6265,41.894,12635,1068,0.08452710724178868,2803,0.2218440838939454,3871,0.3063711911357341,8764,0.6936288088642659,182,10,0.054945054945054944,38,0.2087912087912088,48,0.26373626373626374,134,0.7362637362637363
-87.6265,41.8945,13022,454,0.034864076178774385,1818,0.13960989095377055,2272,0.17447396713254493,10750,0.8255260328674551,140,10,0.07142857142857142,44,0.3142857142857143,54,0.38571428571428573,86,0.6142857142857143
-87.6265,41.895,5616,570,0.1014957264957265,1568,0.2792022792022792,2138,0.3806980056980057,3478,0.6193019943019943,49,5,0.10204081632653061,13,0.2653061224489796,18,0.3673469387755102,31,0.6326530612244898
-87.6265,41.8955,11190,809,0.07229669347631815,3907,0.3491510277033065,4716,0.4214477211796247,6474,0.5785522788203753,171,15,0.08771929824561403,72,0.42105263157894735,87,0.5087719298245614,84,0.49122807017543857
-87.6265,41.896,2678,503,0.18782673637042568,1272,0.4749813293502614,1775,0.6628080657206871,903,0.33719193427931293,56,7,0.125,27,0.48214285714285715,34,0.6071428571428571,22,0.39285714285714285
-87.6265,41.8965,18818,4540,0.24125836964608355,6891,0.3661919438835158,11431,0.6074503135295993,7387,0.39254968647040067,139,29,0.20863309352517986,54,0.38848920863309355,83,0.5971223021582733,56,0.4028776978417266
-87.6265,41.897,744,387,0.5201612903225806,240,0.3225806451612903,627,0.842741935483871,117,0.15725806451612903,16,7,0.4375,2,0.125,9,0.5625,7,0.4375
-87.626,41.889,41,12,0.2926829268292683,26,0.6341463414634146,38,0.9268292682926829,3,0.07317073170731707,3,1,0.3333333333333333,1,0.3333333333333333,2,0.6666666666666666,1,0.3333333333333333
-87.626,41.89,156,0,0.0,54,0.34615384615384615,54,0.34615384615384615,102,0.6538461538461539,5,0,0.0,2,0.4,2,0.4,3,0.6
-87.626,41.8915,4393,190,0.04325062599590257,1266,0.2881857500569087,1456,0.3314363760528113,2937,0.6685636239471887,57,3,0.05263157894736842,12,0.21052631578947367,15,0.2631578947368421,42,0.7368421052631579
-87.626,41.892,2686,113,0.042069992553983616,973,0.3622486969471333,1086,0.40431868950111693,1600,0.5956813104988831,44,3,0.06818181818181818,6,0.13636363636363635,9,0.20454545454545456,35,0.7954545454545454
-87.626,41.8925,4627,108,0.023341257834449968,381,0.08234277069375405,489,0.10568402852820402,4138,0.894315971471796,62,4,0.06451612903225806,7,0.11290322580645161,11,0.1774193548387097,51,0.8225806451612904
-87.626,41.893,7150,3785,0.5293706293706294,2,0.0002797202797202797,3787,0.5296503496503496,3363,0.47034965034965037,129,69,0.5348837209302325,2,0.015503875968992248,71,0.5503875968992248,58,0.4496124031007752
-87.626,41.894,2672,76,0.02844311377245509,296,0.11077844311377245,372,0.13922155688622753,2300,0.8607784431137725,69,2,0.028985507246376812,10,0.14492753623188406,12,0.17391304347826086,57,0.8260869565217391
-87.626,41.8945,2991,18,0.006018054162487462,553,0.18488799732530925,571,0.1909060514877967,2420,0.8090939485122033,78,1,0.01282051282051282,23,0.2948717948717949,24,0.3076923076923077,54,0.6923076923076923
-87.626,41.8955,3302,199,0.06026650514839491,1107,0.33525136281041795,1306,0.3955178679588129,1996,0.6044821320411872,84,5,0.05952380952380952,26,0.30952380952380953,31,0.36904761904761907,53,0.6309523809523809
-87.626,41.8965,7277,2918,0.40098941871650406,2483,0.3412120379277175,5401,0.7422014566442215,1876,0.25779854335577845,76,21,0.27631578947368424,32,0.42105263157894735,53,0.6973684210526315,23,0.3026315789473684
-87.626,41.897,66,40,0.6060606060606061,26,0.3939393939393939,66,1.0,0,0.0,3,2,0.6666666666666666,1,0.3333333333333333,3,1.0,0,0.0
-87.6255,41.889,36,36,1.0,0,0.0,36,1.0,0,0.0,1,1,1.0,0,0.0,1,1.0,0,0.0
-87.6255,41.8895,17,17,1.0,0,0.0,17,1.0,0,0.0,1,1,1.0,0,0.0,1,1.0,0,0.0
-87.6255,41.89,300,136,0.4533333333333333,13,0.043333333333333335,149,0.49666666666666665,151,0.5033333333333333,7,1,0.14285714285714285,2,0.2857142857142857,3,0.42857142857142855,4,0.5714285714285714
-87.6255,41.8915,2180,227,0.10412844036697248,345,0.15825688073394495,572,0.26238532110091745,1608,0.7376146788990826,51,9,0.17647058823529413,6,0.11764705882352941,15,0.29411764705882354,36,0.7058823529411765
-87.6255,41.892,2495,45,0.018036072144288578,449,0.17995991983967935,494,0.19799599198396792,2001,0.8020040080160321,41,1,0.024390243902439025,7,0.17073170731707318,8,0.1951219512195122,33,0.8048780487804879
-87.6255,41.8925,6746,80,0.011858879335902758,2204,0.32671212570412095,2284,0.3385710050400237,4462,0.6614289949599763,71,2,0.028169014084507043,14,0.19718309859154928,16,0.22535211267605634,55,0.7746478873239436
-87.6255,41.893,2893,1770,0.6118216384376081,38,0.013135153819564467,1808,0.6249567922571725,1085,0.3750432077428275,92,47,0.5108695652173914,9,0.09782608695652174,56,0.6086956521739131,36,0.391304347826087
-87.6255,41.8935,478,143,0.29916317991631797,7,0.014644351464435146,150,0.3138075313807531,328,0.6861924686192469,10,2,0.2,1,0.1,3,0.3,7,0.7
-87.6255,41.894,6852,302,0.04407472270869819,215,0.031377699941622886,517,0.07545242265032107,6335,0.924547577349679,74,7,0.0945945945945946,10,0.13513513513513514,17,0.22972972972972974,57,0.7702702702702703
-87.6255,41.8945,4511,525,0.11638217690090889,810,0.17956107293283086,1335,0.29594324983373976,3176,0.7040567501662602,95,7,0.07368421052631578,26,0.2736842105263158,33,0.3473684210526316,62,0.6526315789473685
-87.6255,41.895,2179,160,0.07342817806333181,56,0.02569986232216613,216,0.09912804038549794,1963,0.9008719596145021,36,3,0.08333333333333333,2,0.05555555555555555,5,0.1388888888888889,31,0.8611111111111112
-87.6255,41.8955,15328,1078,0.07032881002087683,2983,0.19461116910229645,4061,0.2649399791231733,11267,0.7350600208768268,131,15,0.11450381679389313,29,0.22137404580152673,44,0.33587786259541985,87,0.6641221374045801
-87.6255,41.896,6579,1005,0.15275877792977657,1367,0.20778233774129806,2372,0.3605411156710746,4207,0.6394588843289254,63,11,0.1746031746031746,11,0.1746031746031746,22,0.3492063492063492,41,0.6507936507936508
-87.6255,41.8965,8030,1698,0.21145703611457037,3817,0.47534246575342465,5515,0.686799501867995,2515,0.31320049813200496,102,24,0.23529411764705882,36,0.35294117647058826,60,0.5882352941176471,42,0.4117647058823529
-87.6255,41.897,126,95,0.753968253968254,0,0.0,95,0.753968253968254,31,0.24603174603174602,6,4,0.6666666666666666,0,0.0,4,0.6666666666666666,2,0.3333333333333333
-87.625,41.891,984,0,0.0,0,0.0,0,0.0,984,1.0,6,0,0.0,0,0.0,0,0.0,6,1.0
-87.625,41.8915,4477,601,0.13424167969622516,792,0.1769041769041769,1393,0.31114585660040206,3084,0.6888541433995979,88,17,0.19318181818181818,5,0.056818181818181816,22,0.25,66,0.75
-87.625,41.892,3175,516,0.1625196850393701,1119,0.35244094488188976,1635,0.5149606299212599,1540,0.48503937007874015,40,6,0.15,10,0.25,16,0.4,24,0.6
-87.625,41.8925,5933,187,0.03151862464183381,2575,0.43401314680600034,2762,0.46553177144783414,3171,0.5344682285521658,77,2,0.025974025974025976,21,0.2727272727272727,23,0.2987012987012987,54,0.7012987012987013
-87.625,41.893,10646,5160,0.4846890851023859,1251,0.1175089235393575,6411,0.6021980086417434,4235,0.3978019913582566,149,59,0.3959731543624161,19,0.12751677852348994,78,0.5234899328859061,71,0.47651006711409394
-87.625,41.8935,2334,512,0.21936589545844046,343,0.1469580119965724,855,0.36632390745501286,1479,0.6336760925449871,31,8,0.25806451612903225,6,0.1935483870967742,14,0.45161290322580644,17,0.5483870967741935
-87.625,41.894,4569,503,0.11008973517181002,569,0.12453490917049682,1072,0.23462464434230684,3497,0.7653753556576931,97,11,0.1134020618556701,18,0.18556701030927836,29,0.29896907216494845,68,0.7010309278350515
-87.625,41.8945,9961,846,0.08493123180403574,2845,0.2856138941873306,3691,0.3705451259913663,6270,0.6294548740086336,140,11,0.07857142857142857,52,0.37142857142857144,63,0.45,77,0.55
-87.625,41.895,945,75,0.07936507936507936,61,0.06455026455026455,136,0.1439153439153439,809,0.8560846560846561,16,1,0.0625,3,0.1875,4,0.25,12,0.75
-87.625,41.8955,7218,646,0.08949847603214187,433,0.0599889165973954,1079,0.14948739262953725,6139,0.8505126073704627,76,11,0.14473684210526316,12,0.15789473684210525,23,0.3026315789473684,53,0.6973684210526315
-87.625,41.896,3443,645,0.18733662503630555,292,0.08480975893116469,937,0.27214638396747026,2506,0.7278536160325297,30,4,0.13333333333333333,4,0.13333333333333333,8,0.26666666666666666,22,0.7333333333333333
-87.625,41.8965,11224,1939,0.17275481111903065,4315,0.3844440484675695,6254,0.5571988595866002,4970,0.44280114041339985,104,27,0.25961538461538464,34,0.3269230769230769,61,0.5865384615384616,43,0.41346153846153844
-87.6245,41.891,42,0,0.0,0,0.0,0,0.0,42,1.0,1,0,0.0,0,0.0,0,0.0,1,1.0
-87.6245,41.8915,1892,158,0.08350951374207188,22,0.011627906976744186,180,0.09513742071881606,1712,0.904862579281184,43,8,0.18604651162790697,1,0.023255813953488372,9,0.20930232558139536,34,0.7906976744186046
-87.6245,41.892,1213,7,0.005770816158285243,809,0.6669414674361088,816,0.6727122835943941,397,0.32728771640560594,23,1,0.043478260869565216,8,0.34782608695652173,9,0.391304347826087,14,0.6086956521739131
-87.6245,41.8925,11920,256,0.021476510067114093,7955,0.6673657718120806,8211,0.6888422818791946,3709,0.3111577181208054,101,4,0.039603960396039604,30,0.297029702970297,34,0.33663366336633666,67,0.6633663366336634
-87.6245,41.893,3009,1328,0.4413426387504154,248,0.08241940844134264,1576,0.523762047191758,1433,0.47623795280824194,63,25,0.3968253968253968,8,0.12698412698412698,33,0.5238095238095238,30,0.47619047619047616
-87.6245,41.894,12914,1807,0.13992566207216975,4842,0.3749419234938826,6649,0.5148675855660524,6265,0.48513241443394767,218,18,0.08256880733944955,50,0.22935779816513763,68,0.3119266055045872,150,0.6880733944954128
-87.6245,41.8945,20335,738,0.03629210720432752,14324,0.7044012785837227,15062,0.7406933857880502,5273,0.25930661421194984,302,10,0.033112582781456956,147,0.4867549668874172,157,0.5198675496688742,145,0.48013245033112584
-87.6245,41.895,60,0,0.0,60,1.0,60,1.0,0,0.0,2,0,0.0,2,1.0,2,1.0,0,0.0
-87.6245,41.8955,17361,7577,0.4364379932031565,345,0.019872127181613963,7922,0.4563101203847705,9439,0.5436898796152295,91,25,0.27472527472527475,15,0.16483516483516483,40,0.43956043956043955,51,0.5604395604395604
-87.6245,41.896,17,0,0.0,17,1.0,17,1.0,0,0.0,1,0,0.0,1,1.0,1,1.0,0,0.0
-87.6245,41.8965,8214,1778,0.21645970294618944,1607,0.19564158753347943,3385,0.41210129047966887,4829,0.5878987095203312,66,16,0.24242424242424243,26,0.3939393939393939,42,0.6363636363636364,24,0.36363636363636365
-87.624,41.891,16768,1519,0.09058921755725191,3003,0.17909112595419846,4522,0.26968034351145037,12246,0.7303196564885496,133,14,0.10526315789473684,20,0.15037593984962405,34,0.2556390977443609,99,0.7443609022556391
-87.624,41.8915,5345,889,0.16632366697848455,1135,0.21234798877455566,2024,0.3786716557530402,3321,0.6213283442469598,115,24,0.20869565217391303,13,0.11304347826086956,37,0.3217391304347826,78,0.6782608695652174
-87.624,41.892,5258,910,0.17306960821605172,1592,0.302776721186763,2502,0.47584632940281474,2756,0.5241536705971852,79,8,0.10126582278481013,19,0.24050632911392406,27,0.34177215189873417,52,0.6582278481012658
-87.624,41.8925,18459,1759,0.0952922693537028,6691,0.36247900753020207,8450,0.45777127688390484,10009,0.5422287231160952,191,20,0.10471204188481675,47,0.24607329842931938,67,0.3507853403141361,124,0.6492146596858639
-87.624,41.893,13317,2778,0.20860554178869115,2775,0.2083802658256364,5553,0.4169858076143276,7764,0.5830141923856724,212,42,0.19811320754716982,45,0.21226415094339623,87,0.41037735849056606,125,0.589622641509434
-87.624,41.8935,11188,1720,0.15373614587057563,1700,0.1519485162674294,3420,0.30568466213800505,7768,0.694315337861995,117,24,0.20512820512820512,23,0.19658119658119658,47,0.4017094017094017,70,0.5982905982905983
-87.624,41.894,10707,2530,0.23629401326235172,1698,0.1585878397310171,4228,0.3948818529933688,6479,0.6051181470066311,216,53,0.24537037037037038,42,0.19444444444444445,95,0.4398148148148148,121,0.5601851851851852
-87.624,41.8945,12224,2476,0.2025523560209424,3511,0.28722185863874344,5987,0.48977421465968585,6237,0.5102257853403142,164,33,0.20121951219512196,46,0.2804878048780488,79,0.4817073170731707,85,0.5182926829268293
-87.624,41.895,9728,1990,0.20456414473684212,739,0.07596628289473684,2729,0.280530427631579,6999,0.719469572368421,97,21,0.21649484536082475,16,0.16494845360824742,37,0.38144329896907214,60,0.6185567010309279
-87.624,41.8955,9934,2491,0.25075498288705456,836,0.0841554258103483,3327,0.33491040869740285,6607,0.6650895913025971,127,34,0.2677165354330709,22,0.1732283464566929,56,0.4409448818897638,71,0.5590551181102362
-87.624,41.896,11865,2337,0.19696586599241467,885,0.07458912768647281,3222,0.27155499367888747,8643,0.7284450063211125,109,28,0.25688073394495414,12,0.11009174311926606,40,0.3669724770642202,69,0.6330275229357798
-87.624,41.8965,11719,1785,0.1523167505759877,2111,0.1801348237904258,3896,0.3324515743664135,7823,0.6675484256335865,122,31,0.2540983606557377,34,0.2786885245901639,65,0.5327868852459017,57,0.4672131147540984
-87.624,41.897,3442,1148,0.3335270191748983,1444,0.41952353282975013,2592,0.7530505520046484,850,0.24694944799535154,49,15,0.30612244897959184,10,0.20408163265306123,25,0.5102040816326531,24,0.4897959183673469
-87.6235,41.891,456,0,0.0,5,0.010964912280701754,5,0.010964912280701754,451,0.9890350877192983,7,0,0.0,1,0.14285714285714285,1,0.14285714285714285,6,0.8571428571428571
-87.6235,41.8915,2669,512,0.19183214687148745,0,0.0,512,0.19183214687148745,2157,0.8081678531285126,67,25,0.373134328358209,0,0.0,25,0.373134328358209,42,0.6268656716417911
-87.6235,41.892,385,12,0.03116883116883117,87,0.22597402597402597,99,0.2571428571428571,286,0.7428571428571429,12,1,0.08333333333333333,3,0.25,4,0.3333333333333333,8,0.6666666666666666
-87.6235,41.8925,2634,75,0.02847380410022779,1295,0.49164768413059984,1370,0.5201214882308276,1264,0.47987851176917234,57,2,0.03508771929824561,25,0.43859649122807015,27,0.47368421052631576,30,0.5263157894736842
-87.6235,41.893,25151,8552,0.3400262415013319,1573,0.0625422448411594,10125,0.4025684863424913,15026,0.5974315136575087,247,58,0.23481781376518218,55,0.22267206477732793,113,0.4574898785425101,134,0.5425101214574899
-87.6235,41.894,3272,1285,0.39272616136919314,766,0.2341075794621027,2051,0.6268337408312958,1221,0.37316625916870416,92,31,0.33695652173913043,19,0.20652173913043478,50,0.5434782608695652,42,0.45652173913043476
-87.6235,41.8945,18278,1208,0.06609038187985557,8810,0.4820002188423241,10018,0.5480906007221796,8260,0.4519093992778203,124,4,0.03225806451612903,68,0.5483870967741935,72,0.5806451612903226,52,0.41935483870967744
-87.6235,41.895,2508,0,0.0,1388,0.5534290271132376,1388,0.5534290271132376,1120,0.44657097288676234,20,0,0.0,12,0.6,12,0.6,8,0.4
-87.6235,41.8955,2891,1129,0.3905223106191629,7,0.002421307506053269,1136,0.3929436181252162,1755,0.6070563818747838,37,13,0.35135135135135137,2,0.05405405405405406,15,0.40540540540540543,22,0.5945945945945946
-87.6235,41.8965,8712,744,0.08539944903581267,4360,0.5004591368227732,5104,0.5858585858585859,3608,0.41414141414141414,75,8,0.10666666666666667,40,0.5333333333333333,48,0.64,27,0.36
-87.6235,41.897,321,31,0.09657320872274143,290,0.9034267912772586,321,1.0,0,0.0,2,1,0.5,1,0.5,2,1.0,0,0.0
-87.623,41.8915,1540,369,0.2396103896103896,0,0.0,369,0.2396103896103896,1171,0.7603896103896104,36,12,0.3333333333333333,0,0.0,12,0.3333333333333333,24,0.6666666666666666
-87.623,41.892,170,1,0.0058823529411764705,72,0.4235294117647059,73,0.4294117647058823,97,0.5705882352941176,7,1,0.14285714285714285,2,0.2857142857142857,3,0.42857142857142855,4,0.5714285714285714
-87.623,41.8925,3705,107,0.028879892037786774,2098,0.5662618083670715,2205,0.5951417004048583,1500,0.4048582995951417,65,3,0.046153846153846156,33,0.5076923076923077,36,0.5538461538461539,29,0.4461538461538462
-87.623,41.893,3930,178,0.04529262086513995,278,0.07073791348600508,456,0.11603053435114503,3474,0.8839694656488549,70,7,0.1,11,0.15714285714285714,18,0.2571428571428571,52,0.7428571428571429
-87.623,41.894,4284,1606,0.37488328664799253,1088,0.25396825396825395,2694,0.6288515406162465,1590,0.3711484593837535,95,33,0.3473684210526316,20,0.21052631578947367,53,0.5578947368421052,42,0.4421052631578947
-87.623,41.8945,4574,117,0.025579361609094884,2779,0.6075644949715785,2896,0.6331438565806734,1678,0.36685614341932665,70,5,0.07142857142857142,29,0.4142857142857143,34,0.4857142857142857,36,0.5142857142857142
-87.623,41.895,297,47,0.15824915824915825,133,0.4478114478114478,180,0.6060606060606061,117,0.3939393939393939,20,4,0.2,6,0.3,10,0.5,10,0.5
-87.623,41.8955,5030,1953,0.3882703777335984,6,0.0011928429423459245,1959,0.38946322067594435,3071,0.6105367793240557,51,20,0.39215686274509803,3,0.058823529411764705,23,0.45098039215686275,28,0.5490196078431373
-87.623,41.8965,1772,185,0.1044018058690745,980,0.5530474040632054,1165,0.65744920993228,607,0.3425507900677201,39,6,0.15384615384615385,18,0.46153846153846156,24,0.6153846153846154,15,0.38461538461538464
-87.6225,41.8915,2423,943,0.38918695831613703,7,0.002888980602558811,950,0.39207593891869585,1473,0.6079240610813041,50,19,0.38,1,0.02,20,0.4,30,0.6
-87.6225,41.892,1417,11,0.0077628793225123505,48,0.03387438249823571,59,0.04163726182074806,1358,0.958362738179252,14,1,0.07142857142857142,1,0.07142857142857142,2,0.14285714285714285,12,0.8571428571428571
-87.6225,41.8925,8271,199,0.02405996856486519,2948,0.35642606698101803,3147,0.3804860355458832,5124,0.6195139644541168,133,3,0.022556390977443608,56,0.42105263157894735,59,0.44360902255639095,74,0.556390977443609
-87.6225,41.893,13352,669,0.050104853205512286,2810,0.21045536249251048,3479,0.2605602156980228,9873,0.7394397843019772,188,19,0.10106382978723404,41,0.21808510638297873,60,0.3191489361702128,128,0.6808510638297872
-87.6225,41.8935,1124,0,0.0,626,0.5569395017793595,626,0.5569395017793595,498,0.4430604982206406,15,0,0.0,7,0.4666666666666667,7,0.4666666666666667,8,0.5333333333333333
-87.6225,41.894,8857,3050,0.34436039290956305,3665,0.41379699672575365,6715,0.7581573896353166,2142,0.2418426103646833,103,35,0.33980582524271846,32,0.3106796116504854,67,0.6504854368932039,36,0.34951456310679613
-87.6225,41.8945,7589,388,0.05112663064962446,4643,0.6118065621293978,5031,0.6629331927790222,2558,0.3370668072209777,89,7,0.07865168539325842,40,0.449438202247191,47,0.5280898876404494,42,0.47191011235955055
-87.6225,41.895,1200,221,0.18416666666666667,532,0.44333333333333336,753,0.6275000000000001,447,0.3725,15,4,0.26666666666666666,5,0.3333333333333333,9,0.6,6,0.4
-87.6225,41.8955,7898,1717,0.2173968093188149,921,0.1166118004558116,2638,0.3340086097746265,5260,0.6659913902253735,101,39,0.38613861386138615,8,0.07920792079207921,47,0.46534653465346537,54,0.5346534653465347
-87.6225,41.8965,1734,181,0.10438292964244521,840,0.4844290657439446,1021,0.5888119953863898,713,0.41118800461361016,56,5,0.08928571428571429,20,0.35714285714285715,25,0.44642857142857145,31,0.5535714285714286
-87.622,41.891,41,0,0.0,0,0.0,0,0.0,41,1.0,1,0,0.0,0,0.0,0,0.0,1,1.0
-87.622,41.8915,3445,1025,0.29753265602322204,0,0.0,1025,0.29753265602322204,2420,0.7024673439767779,58,21,0.3620689655172414,0,0.0,21,0.3620689655172414,37,0.6379310344827587
-87.622,41.892,189,158,0.8359788359788359,14,0.07407407407407407,172,0.91005291005291,17,0.08994708994708994,7,3,0.42857142857142855,1,0.14285714285714285,4,0.5714285714285714,3,0.42857142857142855
-87.622,41.8925,2586,64,0.02474864655839134,1063,0.41105955143078116,1127,0.4358081979891725,1459,0.5641918020108275,73,2,0.0273972602739726,34,0.4657534246575342,36,0.4931506849315068,37,0.5068493150684932
-87.622,41.893,8404,1557,0.18526891956211328,1115,0.13267491670633033,2672,0.3179438362684436,5732,0.6820561637315564,224,39,0.17410714285714285,55,0.24553571428571427,94,0.41964285714285715,130,0.5803571428571429
-87.622,41.8935,23,6,0.2608695652173913,0,0.0,6,0.2608695652173913,17,0.7391304347826086,3,1,0.3333333333333333,0,0.0,1,0.3333333333333333,2,0.6666666666666666
-87.622,41.894,4555,1059,0.23249176728869375,2380,0.5225027442371021,3439,0.7549945115257959,1116,0.24500548847420417,109,24,0.22018348623853212,45,0.41284403669724773,69,0.6330275229357798,40,0.3669724770642202
-87.622,41.8945,4362,383,0.08780375974323705,1398,0.3204951856946355,1781,0.40829894543787254,2581,0.5917010545621275,53,10,0.18867924528301888,14,0.2641509433962264,24,0.4528301886792453,29,0.5471698113207547
-87.622,41.895,342,208,0.6081871345029239,0,0.0,208,0.6081871345029239,134,0.391812865497076,7,4,0.5714285714285714,0,0.0,4,0.5714285714285714,3,0.42857142857142855
-87.622,41.8955,8680,1198,0.1380184331797235,572,0.06589861751152074,1770,0.20391705069124424,6910,0.7960829493087558,77,15,0.19480519480519481,6,0.07792207792207792,21,0.2727272727272727,56,0.7272727272727273
-87.622,41.8965,3837,1145,0.2984102163148293,1460,0.3805056033359395,2605,0.6789158196507687,1232,0.3210841803492312,113,26,0.23008849557522124,23,0.20353982300884957,49,0.4336283185840708,64,0.5663716814159292
-87.622,41.897,51,0,0.0,51,1.0,51,1.0,0,0.0,1,0,0.0,1,1.0,1,1.0,0,0.0
-87.6215,41.891,102,0,0.0,0,0.0,0,0.0,102,1.0,2,0,0.0,0,0.0,0,0.0,2,1.0
-87.6215,41.8915,1184,441,0.37246621621621623,0,0.0,441,0.37246621621621623,743,0.6275337837837838,35,12,0.34285714285714286,0,0.0,12,0.34285714285714286,23,0.6571428571428571
-87.6215,41.892,50,50,1.0,0,0.0,50,1.0,0,0.0,1,1,1.0,0,0.0,1,1.0,0,0.0
-87.6215,41.8925,2441,15,0.0061450225317492835,1051,0.4305612453912331,1066,0.4367062679229824,1375,0.5632937320770176,90,1,0.011111111111111112,47,0.5222222222222223,48,0.5333333333333333,42,0.4666666666666667
-87.6215,41.893,4147,730,0.1760308656860381,1702,0.4104171690378587,2432,0.5864480347238967,1715,0.4135519652761032,92,22,0.2391304347826087,39,0.42391304347826086,61,0.6630434782608695,31,0.33695652173913043
-87.6215,41.8935,93,58,0.6236559139784946,0,0.0,58,0.6236559139784946,35,0.3763440860215054,3,2,0.6666666666666666,0,0.0,2,0.6666666666666666,1,0.3333333333333333
-87.6215,41.894,4506,528,0.11717709720372836,1682,0.3732800710164225,2210,0.4904571682201509,2296,0.509542831779849,112,19,0.16964285714285715,56,0.5,75,0.6696428571428571,37,0.33035714285714285
-87.6215,41.8945,3889,429,0.11031113396760092,825,0.21213679609154024,1254,0.3224479300591412,2635,0.6775520699408588,67,12,0.1791044776119403,20,0.29850746268656714,32,0.47761194029850745,35,0.5223880597014925
-87.6215,41.895,761,384,0.5045992115637319,16,0.02102496714848883,400,0.5256241787122207,361,0.4743758212877792,26,10,0.38461538461538464,1,0.038461538461538464,11,0.4230769230769231,15,0.5769230769230769
-87.6215,41.8955,6507,967,0.14860919010296603,1054,0.1619794067926848,2021,0.3105885968956508,4486,0.6894114031043491,111,14,0.12612612612612611,17,0.15315315315315314,31,0.27927927927927926,80,0.7207207207207207
-87.6215,41.8965,2676,361,0.13490284005979072,554,0.2070254110612855,915,0.3419282511210762,1761,0.6580717488789237,50,8,0.16,11,0.22,19,0.38,31,0.62
-87.6215,41.897,499,0,0.0,398,0.7975951903807615,398,0.7975951903807615,101,0.20240480961923848,4,0,0.0,3,0.75,3,0.75,1,0.25
-87.621,41.891,111,0,0.0,0,0.0,0,0.0,111,1.0,5,0,0.0,0,0.0,0,0.0,5,1.0
-87.621,41.8915,1224,501,0.40931372549019607,0,0.0,501,0.40931372549019607,723,0.5906862745098039,28,13,0.4642857142857143,0,0.0,13,0.4642857142857143,15,0.5357142857142857
-87.621,41.892,54,54,1.0,0,0.0,54,1.0,0,0.0,1,1,1.0,0,0.0,1,1.0,0,0.0
-87.621,41.8925,2589,11,0.004248744689069139,1044,0.40324449594438005,1055,0.4074932406334492,1534,0.5925067593665508,84,1,0.011904761904761904,31,0.36904761904761907,32,0.38095238095238093,52,0.6190476190476191
-87.621,41.893,5635,751,0.13327417923691215,3389,0.6014196983141082,4140,0.7346938775510203,1495,0.2653061224489796,57,11,0.19298245614035087,23,0.40350877192982454,34,0.5964912280701754,23,0.40350877192982454
-87.621,41.8935,123,106,0.8617886178861789,8,0.06504065040650407,114,0.926829268292683,9,0.07317073170731707,4,2,0.5,1,0.25,3,0.75,1,0.25
-87.621,41.894,3978,154,0.038712921065862244,2610,0.6561085972850679,2764,0.6948215183509301,1214,0.3051784816490699,145,8,0.05517241379310345,79,0.5448275862068965,87,0.6,58,0.4
-87.621,41.8945,5552,350,0.06304034582132564,2807,0.5055835734870316,3157,0.5686239193083573,2395,0.4313760806916426,44,6,0.13636363636363635,12,0.2727272727272727,18,0.4090909090909091,26,0.5909090909090909
-87.621,41.895,1535,639,0.41628664495114004,127,0.08273615635179153,766,0.4990228013029316,769,0.5009771986970684,42,15,0.35714285714285715,6,0.14285714285714285,21,0.5,21,0.5
-87.621,41.8955,5072,193,0.03805205047318612,437,0.08615930599369086,630,0.12421135646687698,4442,0.875788643533123,109,7,0.06422018348623854,17,0.1559633027522936,24,0.22018348623853212,85,0.7798165137614679
-87.621,41.896,24,0,0.0,0,0.0,0,0.0,24,1.0,1,0,0.0,0,0.0,0,0.0,1,1.0
-87.621,41.8965,3673,671,0.18268445412469372,172,0.046828205826300026,843,0.22951265995099374,2830,0.7704873400490062,35,8,0.22857142857142856,5,0.14285714285714285,13,0.37142857142857144,22,0.6285714285714286
-87.6205,41.891,105,0,0.0,0,0.0,0,0.0,105,1.0,2,0,0.0,0,0.0,0,0.0,2,1.0
-87.6205,41.8915,3826,686,0.17929952953476216,0,0.0,686,0.17929952953476216,3140,0.8207004704652379,28,14,0.5,0,0.0,14,0.5,14,0.5
-87.6205,41.892,985,935,0.949238578680203,0,0.0,935,0.949238578680203,50,0.050761421319796954,6,3,0.5,0,0.0,3,0.5,3,0.5
-87.6205,41.8925,9147,2166,0.23679895047556576,872,0.09533180277686673,3038,0.33213075325243246,6109,0.6678692467475675,184,21,0.11413043478260869,36,0.1956521739130435,57,0.30978260869565216,127,0.6902173913043478
-87.6205,41.893,3772,583,0.15455991516436904,1842,0.4883351007423118,2425,0.6428950159066809,1347,0.3571049840933192,34,11,0.3235294117647059,8,0.23529411764705882,19,0.5588235294117647,15,0.4411764705882353
-87.6205,41.8935,340,124,0.36470588235294116,216,0.6352941176470588,340,1.0,0,0.0,4,3,0.75,1,0.25,4,1.0,0,0.0
-87.6205,41.894,6721,112,0.016664186876952834,4335,0.6449933045677727,4447,0.6616574914447255,2274,0.33834250855527453,192,1,0.005208333333333333,109,0.5677083333333334,110,0.5729166666666666,82,0.4270833333333333
-87.6205,41.8945,1178,0,0.0,411,0.34889643463497455,411,0.34889643463497455,767,0.6511035653650254,22,0,0.0,5,0.22727272727272727,5,0.22727272727272727,17,0.7727272727272727
-87.6205,41.895,3396,583,0.17167255594817432,267,0.07862190812720848,850,0.2502944640753828,2546,0.7497055359246172,27,7,0.25925925925925924,5,0.18518518518518517,12,0.4444444444444444,15,0.5555555555555556
-87.6205,41.8955,13730,834,0.0607428987618354,232,0.016897305171158047,1066,0.07764020393299345,12664,0.9223597960670066,83,3,0.03614457831325301,10,0.12048192771084337,13,0.1566265060240964,70,0.8433734939759037
-87.6205,41.896,172,15,0.0872093023255814,0,0.0,15,0.0872093023255814,157,0.9127906976744186,3,1,0.3333333333333333,0,0.0,1,0.3333333333333333,2,0.6666666666666666
-87.6205,41.8965,2603,182,0.06991932385708798,408,0.15674222051479061,590,0.22666154437187858,2013,0.7733384556281214,25,4,0.16,5,0.2,9,0.36,16,0.64
-87.62,41.891,37,37,1.0,0,0.0,37,1.0,0,0.0,1,1,1.0,0,0.0,1,1.0,0,0.0
-87.62,41.8915,7004,2606,0.3720731010850942,40,0.0057110222729868645,2646,0.3777841233580811,4358,0.6222158766419189,59,26,0.4406779661016949,1,0.01694915254237288,27,0.4576271186440678,32,0.5423728813559322
-87.62,41.892,9431,3475,0.36846569822924397,302,0.032022054925246526,3777,0.4004877531544905,5654,0.5995122468455095,111,39,0.35135135135135137,13,0.11711711711711711,52,0.46846846846846846,59,0.5315315315315315
-87.62,41.8925,12878,3438,0.2669669203292437,832,0.06460630532691412,4270,0.3315732256561578,8608,0.6684267743438422,145,29,0.2,17,0.11724137931034483,46,0.31724137931034485,99,0.6827586206896552
-87.62,41.893,15741,4655,0.29572454100755985,1996,0.1268026173686551,6651,0.42252715837621496,9090,0.577472841623785,174,64,0.367816091954023,16,0.09195402298850575,80,0.45977011494252873,94,0.5402298850574713
-87.62,41.8935,23187,4751,0.20489929701988183,9846,0.4246344934661664,14597,0.6295337904860482,8590,0.37046620951395176,155,42,0.2709677419354839,46,0.2967741935483871,88,0.567741935483871,67,0.432258064516129
-87.62,41.894,11284,2838,0.25150655795817084,3738,0.33126550868486354,6576,0.5827720666430344,4708,0.4172279333569656,195,26,0.13333333333333333,76,0.38974358974358975,102,0.5230769230769231,93,0.47692307692307695
-87.62,41.8945,8854,1462,0.16512310819968376,3333,0.37644002710639257,4795,0.5415631353060764,4059,0.45843686469392364,74,13,0.17567567567567569,21,0.28378378378378377,34,0.4594594594594595,40,0.5405405405405406
-87.62,41.895,8251,795,0.09635195733850442,96,0.011634953338989213,891,0.10798691067749364,7360,0.8920130893225063,50,11,0.22,5,0.1,16,0.32,34,0.68
-87.62,41.8955,6320,24,0.0037974683544303796,153,0.02420886075949367,177,0.02800632911392405,6143,0.9719936708860759,47,1,0.02127659574468085,4,0.0851063829787234,5,0.10638297872340426,42,0.8936170212765957
-87.62,41.896,5454,243,0.04455445544554455,437,0.08012467913458013,680,0.12467913458012468,4774,0.8753208654198753,26,4,0.15384615384615385,5,0.19230769230769232,9,0.34615384615384615,17,0.6538461538461539
-87.62,41.8965,6384,151,0.023652882205513783,169,0.026472431077694234,320,0.05012531328320802,6064,0.949874686716792,22,4,0.18181818181818182,4,0.18181818181818182,8,0.36363636363636365,14,0.6363636363636364
